-0.577218 0.322569
-0.586047 0.322569
-0.330996 0.680011
0.0400746 1.06361
-0.126562 1.14643
-0.558176 0.322569
-0.0960664 1.14643
-0.118431 1.14643
0.569553 0.252825
0.25394 0.64078
0.177552 1.06361
-0.125905 1.14643
-0.18285 1.14643
-0.266961 0.680011
0.0269224 1.06361
-0.239032 0.680011
-0.650385 0.322569
-0.0494328 1.14643
-0.764401 0.0610266
0.909309 0.126412
0.245112 0.64078
-0.541607 0.322569
-0.212347 1.14643
-0.249729 0.680011
0.182735 1.06361
-0.0848405 1.14643
-0.0106778 1.14643
0.11617 1.06361
-0.45029 0.680011
-0.103629 1.14643
0.53672 0.252825
0.683361 0.252825
0.0840535 1.06361
-0.213517 1.14643
0.23865 0.64078
-0.132548 1.14643
0.337758 0.64078
-0.35902 0.680011
-0.175611 1.14643
-0.0238532 1.14643
0.0504399 1.06361
-0.244173 0.680011
-0.261826 0.680011
0.295168 0.64078
-0.550673 0.322569
0.158164 1.06361
-0.280054 0.680011
-0.441251 0.680011
-0.473573 0.322569
-0.0555171 1.14643
-0.0631999 1.14643
0.273702 0.64078
-0.574563 0.322569
-0.328089 0.680011
-0.350663 0.680011
0.243182 0.64078
0.600391 0.252825
0.250715 0.64078
0.424727 0.64078
-0.281357 0.680011
0.570327 0.252825
0.0845125 1.06361
-0.127207 1.14643
-0.247031 0.680011
0.427711 0.64078
-0.390139 0.680011
-0.123002 1.14643
0.0845778 1.06361
-0.0457808 1.14643
-0.0278759 1.14643
-0.195958 1.14643
0.140694 1.06361
0.228561 1.06361
0.195976 1.06361
-0.868935 0.0610266
0.63803 0.252825
-0.314033 0.680011
-0.106997 1.14643
0.0525513 1.06361
0.171633 1.06361
0.242441 0.64078
0.32384 0.64078
0.00487922 1.14643
-0.770915 0.0610266
-0.381522 0.680011
0.522358 0.252825
0.602187 0.252825
1.06063 0
-0.505506 0.322569
-0.0443991 1.14643
-0.25877 0.680011
-1.14573 0
0.367246 0.64078
0.304795 0.64078
0.289685 0.64078
-0.0597127 1.14643
0.293053 0.64078
-0.183726 1.14643
-0.128023 1.14643
-0.214631 1.14643
0.22967 1.06361
0.371221 0.64078
-0.119478 1.14643
0.136072 1.06361
-0.214969 1.14643
-0.287607 0.680011
0.305054 0.64078
-0.358863 0.680011
-0.0709714 1.14643
-0.214222 1.14643
-0.140825 1.14643
-0.127019 1.14643
-0.140503 1.14643
-0.127693 1.14643
0.684732 0.252825
-0.319878 0.680011
0.754374 0.126412
-0.18542 1.14643
0.651331 0.252825
0.366049 0.64078
-0.5186 0.322569
0.477475 0.252825
-0.0822909 1.14643
-0.391447 0.680011
-0.260862 0.680011
0.632656 0.252825
-0.116346 1.14643
0.132554 1.06361
-0.2321 0.680011
-0.236597 0.680011
-0.531944 0.322569
0.100192 1.06361
-0.34365 0.680011
-0.286541 0.680011
-0.0809264 1.14643
0.0944557 1.06361
-0.101715 1.14643
-0.0256995 1.14643
-0.178417 1.14643
-0.20265 1.14643
-0.0186577 1.14643
0.0493323 1.06361
-0.0582297 1.14643
0.206076 1.06361
0.229529 1.06361
-0.371524 0.680011
-0.86174 0.0610266
0.323697 0.64078
-0.32819 0.680011
-0.0137755 1.14643
-0.0609114 1.14643
-0.0312215 1.14643
-0.0200657 1.14643
-0.231774 0.680011
0.640263 0.252825
0.36323 0.64078
0.388913 0.64078
0.291129 0.64078
0.0738842 1.06361
-0.417657 0.680011
-0.157686 1.14643
0.468789 0.252825
-0.230744 0.680011
0.155785 1.06361
0.121702 1.06361
0.309516 0.64078
0.460517 0.64078
-0.0385956 1.14643
0.352503 0.64078
-0.378697 0.680011
-0.176816 1.14643
0.526579 0.252825
0.0502595 1.06361
0.0155335 1.06361
0.202519 1.06361
0.0445476 1.06361
-0.373458 0.680011
0.214233 1.06361
-0.0857118 1.14643
-0.0824401 1.14643
0.0507931 1.06361
0.325819 0.64078
0.464354 0.252825
-0.0152196 1.14643
0.0469248 1.06361
0.519064 0.252825
0.442803 0.64078
0.182864 1.06361
-0.483646 0.322569
-0.44172 0.680011
0.596733 0.252825
0.855134 0.126412
0.376347 0.64078
0.425734 0.64078
-0.0973135 1.14643
0.432298 0.64078
0.473138 0.252825
-1.30885 0
-0.106304 1.14643
0.29346 0.64078
-0.076923 1.14643
0.245036 0.64078
0.0301596 1.06361
-0.448911 0.680011
0.602536 0.252825
-0.0495005 1.14643
-0.0799707 1.14643
-0.372237 0.680011
-0.329737 0.680011
0.121291 1.06361
-0.476562 0.322569
-0.271834 0.680011
-0.312637 0.680011
0.280479 0.64078
-0.501942 0.322569
0.12138 1.06361
0.0449847 1.06361
0.453094 0.64078
-0.0962844 1.14643
0.00605236 1.06361
-0.153727 1.14643
-0.046926 1.14643
-0.420935 0.680011
0.0352462 1.06361
-0.316241 0.680011
0.680999 0.252825
0.226429 1.06361
0.904771 0.126412
-0.00692377 1.14643
0.338699 0.64078
-0.346929 0.680011
0.0530072 1.06361
0.323338 0.64078
-0.25818 0.680011
0.585589 0.252825
0.0889716 1.06361
-0.0904521 1.14643
0.342395 0.64078
0.184091 1.06361
-0.185751 1.14643
0.484412 0.252825
0.054535 1.06361
-0.00425845 1.14643
0.249456 0.64078
-0.297378 0.680011
-0.382482 0.680011
-0.27546 0.680011
0.103781 1.06361
-0.314722 0.680011
0.632707 0.252825
-0.0336416 1.14643
0.0619476 1.06361
-0.12531 1.14643
-0.119102 1.14643
0.151423 1.06361
-0.0773616 1.14643
-0.0304225 1.14643
0.077893 1.06361
0.226106 1.06361
0.495378 0.252825
-0.286177 0.680011
-0.614101 0.322569
0.374181 0.64078
-0.216653 1.14643
0.166364 1.06361
-0.393696 0.680011
-0.194916 1.14643
-0.331784 0.680011
-0.0996776 1.14643
0.0644541 1.06361
0.133993 1.06361
-0.250784 0.680011
-0.097687 1.14643
0.569693 0.252825
0.53171 0.252825
0.0370899 1.06361
0.469898 0.252825
-0.159769 1.14643
0.0130305 1.06361
0.525777 0.252825
-0.791282 0.0610266
0.0426731 1.06361
0.0989287 1.06361
0.344059 0.64078
0.680449 0.252825
0.159985 1.06361
0.0157913 1.06361
0.112843 1.06361
-0.414971 0.680011
-0.259694 0.680011
0.244306 0.64078
0.689773 0.252825
0.0681237 1.06361
0.504227 0.252825
-0.414183 0.680011
-0.241858 0.680011
0.361955 0.64078
0.18952 1.06361
0.10006 1.06361
0.546296 0.252825
0.168803 1.06361
0.261568 0.64078
-0.0850697 1.14643
-0.66746 0.322569
0.171554 1.06361
0.164607 1.06361
0.140533 1.06361
-0.406048 0.680011
0.213973 1.06361
0.368287 0.64078
0.419589 0.64078
-0.126515 1.14643
0.0649733 1.06361
-0.103767 1.14643
0.260126 0.64078
0.0109218 1.06361
0.306902 0.64078
-0.416131 0.680011
0.0377657 1.06361
-0.0857622 1.14643
0.478657 0.252825
-0.242139 0.680011
0.394204 0.64078
0.539399 0.252825
0.499457 0.252825
0.299677 0.64078
0.377802 0.64078
0.566199 0.252825
-0.231645 0.680011
0.338537 0.64078
-0.739483 0.0610266
0.00776069 1.06361
0.774256 0.126412
0.0978535 1.06361
-0.12346 1.14643
-0.951809 0.0305133
0.348656 0.64078
0.182964 1.06361
0.0124929 1.06361
0.519793 0.252825
0.410621 0.64078
-0.169334 1.14643
0.112717 1.06361
0.291054 0.64078
-0.0388668 1.14643
-0.342025 0.680011
0.436043 0.64078
-1.09391 0.0305133
0.445066 0.64078
-0.902643 0.0610266
-0.293899 0.680011
-0.719078 0.0610266
0.28158 0.64078
-0.6532 0.322569
-0.236378 0.680011
0.0958982 1.06361
0.109081 1.06361
0.120999 1.06361
-0.270526 0.680011
0.159608 1.06361
0.428312 0.64078
-0.200594 1.14643
0.00322091 1.14643
0.139072 1.06361
-0.277241 0.680011
0.00157164 1.14643
0.0189783 1.06361
-0.675893 0.322569
-0.397596 0.680011
0.235369 0.64078
0.514956 0.252825
0.758962 0.126412
0.315063 0.64078
-0.335971 0.680011
0.300304 0.64078
-0.0385016 1.14643
-0.575482 0.322569
-0.337397 0.680011
1.09926 0
-0.395929 0.680011
-0.627825 0.322569
-0.583848 0.322569
0.506252 0.252825
0.215877 1.06361
0.561791 0.252825
-0.049733 1.14643
0.195316 1.06361
0.105713 1.06361
-0.0347608 1.14643
-0.00262213 1.14643
-1.04617 0.0305133
0.324776 0.64078
-0.00544368 1.14643
-0.515604 0.322569
-0.654219 0.322569
0.241077 0.64078
-0.183917 1.14643
-0.202588 1.14643
1.36317 0
-0.830491 0.0610266
0.186452 1.06361
0.197757 1.06361
0.133991 1.06361
0.0465649 1.06361
0.209661 1.06361
0.505209 0.252825
-0.173709 1.14643
-0.568432 0.322569
0.643967 0.252825
0.0706794 1.06361
0.0548808 1.06361
-0.55741 0.322569
0.115929 1.06361
-0.487229 0.322569
-0.342981 0.680011
-0.0546495 1.14643
0.125618 1.06361
-0.380978 0.680011
0.00477306 1.14643
-0.29755 0.680011
0.0246081 1.06361
0.174036 1.06361
-0.115988 1.14643
-0.0390842 1.14643
0.209627 1.06361
0.581228 0.252825
-0.441715 0.680011
0.189219 1.06361
-0.355048 0.680011
-0.301527 0.680011
0.30847 0.64078
0.28627 0.64078
0.447345 0.64078
-0.331493 0.680011
-0.198641 1.14643
-0.118576 1.14643
-0.0414771 1.14643
-0.269995 0.680011
-0.13398 1.14643
-0.297874 0.680011
-0.0909642 1.14643
0.335653 0.64078
-0.206619 1.14643
0.105762 1.06361
0.0557571 1.06361
0.361969 0.64078
-0.0392209 1.14643
0.185248 1.06361
0.542548 0.252825
0.0878361 1.06361
-0.198266 1.14643
-0.365212 0.680011
0.188985 1.06361
-0.431021 0.680011
0.574155 0.252825
-0.0174164 1.14643
0.233452 1.06361
0.178893 1.06361
0.00379258 1.14643
0.718773 0.126412
0.593152 0.252825
0.392359 0.64078
-0.681552 0.322569
0.284518 0.64078
-0.147178 1.14643
-0.247158 0.680011
0.183655 1.06361
0.593226 0.252825
0.166467 1.06361
0.387005 0.64078
-0.0833468 1.14643
-0.0887486 1.14643
-0.204145 1.14643
-0.194203 1.14643
-0.552016 0.322569
0.0153994 1.06361
-0.383369 0.680011
-0.0266593 1.14643
-0.47843 0.322569
0.351762 0.64078
-0.323601 0.680011
-0.0495866 1.14643
-0.626891 0.322569
-0.879033 0.0610266
0.0850934 1.06361
0.0579761 1.06361
0.480796 0.252825
0.211003 1.06361
-0.27469 0.680011
0.107376 1.06361
-0.282611 0.680011
0.575089 0.252825
0.0395598 1.06361
0.313471 0.64078
-0.307509 0.680011
-0.00497013 1.14643
-0.99461 0.0305133
0.575446 0.252825
0.132574 1.06361
-0.204863 1.14643
-0.33258 0.680011
-0.682539 0.322569
0.523119 0.252825
0.157624 1.06361
-0.142552 1.14643
-0.0136341 1.14643
-0.422196 0.680011
0.220674 1.06361
-0.138004 1.14643
-0.114099 1.14643
-0.278646 0.680011
-0.204618 1.14643
-0.3635 0.680011
-0.339218 0.680011
0.273796 0.64078
-0.170771 1.14643
-0.0498336 1.14643
-0.191769 1.14643
0.278671 0.64078
0.342801 0.64078
-0.120134 1.14643
0.359675 0.64078
0.222317 1.06361
0.339176 0.64078
-0.0893637 1.14643
0.341201 0.64078
0.163599 1.06361
-0.67584 0.322569
0.299838 0.64078
0.136557 1.06361
-0.465834 0.322569
-0.1749 1.14643
0.679931 0.252825
0.526726 0.252825
-0.196907 1.14643
-0.64544 0.322569
0.338851 0.64078
-0.0240414 1.14643
-0.955126 0.0305133
-0.565694 0.322569
-0.255623 0.680011
0.0258144 1.06361
0.32613 0.64078
-0.0598123 1.14643
-0.204885 1.14643
0.267712 0.64078
0.0394433 1.06361
-0.935874 0.0305133
0.718435 0.126412
-0.117106 1.14643
-0.0217933 1.14643
0.514564 0.252825
-0.288453 0.680011
-0.199718 1.14643
0.229996 1.06361
-0.678279 0.322569
-0.847359 0.0610266
0.671427 0.252825
0.260083 0.64078
0.0637606 1.06361
0.0618826 1.06361
0.491472 0.252825
0.105418 1.06361
0.349294 0.64078
0.300479 0.64078
0.383906 0.64078
0.0524505 1.06361
-0.141233 1.14643
0.461425 0.64078
-0.0831701 1.14643
0.0461125 1.06361
-0.0706387 1.14643
-0.175055 1.14643
0.0697619 1.06361
0.344839 0.64078
0.104989 1.06361
-0.878665 0.0610266
-0.203861 1.14643
-0.0178829 1.14643
-0.876921 0.0610266
-0.330726 0.680011
1.39804 0
0.109257 1.06361
0.122296 1.06361
0.092977 1.06361
-0.190705 1.14643
-0.0760795 1.14643
-0.125191 1.14643
0.378012 0.64078
-0.0598028 1.14643
0.283364 0.64078
-0.348329 0.680011
-0.275654 0.680011
-0.362074 0.680011
-1.19733 0
-0.261787 0.680011
-0.292509 0.680011
-0.282817 0.680011
-0.656452 0.322569
-0.149978 1.14643
0.0549409 1.06361
0.412703 0.64078
-1.14379 0
-0.181658 1.14643
-0.272558 0.680011
-0.0528167 1.14643
0.383432 0.64078
-0.20449 1.14643
-0.0401681 1.14643
0.182547 1.06361
-0.181972 1.14643
-0.742239 0.0610266
0.20538 1.06361
0.338374 0.64078
0.0162738 1.06361
0.30028 0.64078
0.0236592 1.06361
-0.15051 1.14643
-0.2291 0.680011
0.304458 0.64078
0.266228 0.64078
0.106293 1.06361
-0.271102 0.680011
0.390944 0.64078
-0.363189 0.680011
0.241311 0.64078
-0.174422 1.14643
0.519143 0.252825
0.144828 1.06361
-0.250569 0.680011
0.24368 0.64078
-0.125554 1.14643
-0.279942 0.680011
0.363152 0.64078
-0.252732 0.680011
0.115364 1.06361
-0.364597 0.680011
0.101442 1.06361
-0.340848 0.680011
-0.0486049 1.14643
-0.358049 0.680011
0.203261 1.06361
-0.186158 1.14643
0.154815 1.06361
-0.432936 0.680011
-0.0736501 1.14643
0.107754 1.06361
-0.116858 1.14643
-0.0341419 1.14643
0.56334 0.252825
-0.205802 1.14643
0.311333 0.64078
-0.320898 0.680011
0.11478 1.06361
0.697212 0.126412
-0.658922 0.322569
0.640323 0.252825
0.442299 0.64078
-0.394198 0.680011
-0.0150485 1.14643
0.0106562 1.06361
-0.403296 0.680011
0.0158324 1.06361
0.574494 0.252825
-0.153151 1.14643
0.0614082 1.06361
0.288407 0.64078
-0.337331 0.680011
-0.344313 0.680011
0.21776 1.06361
-0.523503 0.322569
0.0502861 1.06361
-0.246576 0.680011
-0.62397 0.322569
-0.0114094 1.14643
0.218028 1.06361
0.0302413 1.06361
0.126088 1.06361
0.073406 1.06361
0.0845791 1.06361
0.352581 0.64078
0.212467 1.06361
0.0975186 1.06361
0.489264 0.252825
-0.173119 1.14643
-0.097761 1.14643
-0.0515643 1.14643
0.217179 1.06361
-0.271919 0.680011
-0.243891 0.680011
0.0237107 1.06361
-0.19153 1.14643
0.284297 0.64078
0.113223 1.06361
0.214584 1.06361
0.210414 1.06361
-0.414963 0.680011
0.326234 0.64078
0.073282 1.06361
-0.166208 1.14643
-0.0668716 1.14643
0.250658 0.64078
-0.0702722 1.14643
0.1706 1.06361
0.351584 0.64078
0.379016 0.64078
0.0949458 1.06361
-0.567432 0.322569
-0.24127 0.680011
0.399063 0.64078
0.101718 1.06361
0.119212 1.06361
0.424442 0.64078
0.288791 0.64078
-0.462989 0.322569
0.139842 1.06361
0.0966077 1.06361
-0.313448 0.680011
0.0959094 1.06361
-0.205747 1.14643
-0.0144291 1.14643
0.215852 1.06361
0.00188935 1.14643
0.00163121 1.14643
-0.38363 0.680011
-0.025781 1.14643
-0.563733 0.322569
-0.476097 0.322569
-0.230302 0.680011
-0.177805 1.14643
0.218255 1.06361
-0.61009 0.322569
0.0618887 1.06361
-0.0805857 1.14643
-0.67099 0.322569
-0.247164 0.680011
-0.273503 0.680011
-0.212668 1.14643
-0.14096 1.14643
0.0621543 1.06361
0.140652 1.06361
-0.501859 0.322569
0.165675 1.06361
-0.0768793 1.14643
0.50216 0.252825
0.0487377 1.06361
0.273889 0.64078
0.101852 1.06361
-0.53888 0.322569
-0.603379 0.322569
-0.480087 0.322569
0.129607 1.06361
-0.0922498 1.14643
-0.0650714 1.14643
-0.256709 0.680011
-0.298183 0.680011
-0.0615368 1.14643
0.259735 0.64078
0.317312 0.64078
0.753577 0.126412
0.0375033 1.06361
-0.200331 1.14643
0.206343 1.06361
-0.157122 1.14643
0.119311 1.06361
0.391782 0.64078
-0.496753 0.322569
-0.0351258 1.14643
-0.12275 1.14643
0.0641598 1.06361
0.00245761 1.14643
-0.38313 0.680011
0.521262 0.252825
0.687018 0.252825
-0.340575 0.680011
-0.500966 0.322569
-0.379763 0.680011
-0.389671 0.680011
-0.223671 1.14643
-0.341449 0.680011
-0.0247803 1.14643
0.0367957 1.06361
-0.162337 1.14643
-0.108919 1.14643
-0.287707 0.680011
-0.744555 0.0610266
0.434191 0.64078
-0.349206 0.680011
0.0471785 1.06361
-0.022258 1.14643
0.364806 0.64078
-0.38421 0.680011
0.360717 0.64078
0.0372568 1.06361
0.187838 1.06361
-0.141474 1.14643
-0.0697086 1.14643
0.134264 1.06361
0.151471 1.06361
-0.082907 1.14643
-0.0821961 1.14643
0.0436529 1.06361
-0.101769 1.14643
0.0278379 1.06361
-0.224637 0.680011
-0.00505654 1.14643
-0.623331 0.322569
1.17917 0
0.0567843 1.06361
0.719096 0.126412
0.0324272 1.06361
-0.0820027 1.14643
0.138738 1.06361
0.536004 0.252825
0.100409 1.06361
-0.337896 0.680011
-0.179138 1.14643
-0.417153 0.680011
-0.249356 0.680011
-0.291702 0.680011
0.548423 0.252825
-0.422741 0.680011
0.479876 0.252825
0.127501 1.06361
0.320748 0.64078
-0.345579 0.680011
0.42313 0.64078
0.0138403 1.06361
0.236916 0.64078
0.308003 0.64078
-0.586111 0.322569
-0.624224 0.322569
-0.0764211 1.14643
-0.172296 1.14643
0.0591016 1.06361
0.737398 0.126412
-0.647802 0.322569
0.405446 0.64078
-0.115434 1.14643
0.0492572 1.06361
0.673159 0.252825
0.375439 0.64078
-0.173939 1.14643
-0.599643 0.322569
-0.376744 0.680011
-0.114015 1.14643
-0.536205 0.322569
-0.244539 0.680011
0.727333 0.126412
0.00461947 1.14643
0.241138 0.64078
0.0852605 1.06361
1.1089 0
-0.0591433 1.14643
-0.384949 0.680011
-0.212844 1.14643
0.0972101 1.06361
-0.40785 0.680011
-0.025124 1.14643
0.0829825 1.06361
-0.240997 0.680011
-0.143337 1.14643
0.412644 0.64078
0.013285 1.06361
0.142873 1.06361
0.156109 1.06361
-0.674594 0.322569
0.0573655 1.06361
0.081557 1.06361
0.563138 0.252825
-0.157584 1.14643
-0.26504 0.680011
0.0367163 1.06361
-0.6887 0.0610266
-0.27866 0.680011
-0.146271 1.14643
-0.11988 1.14643
-0.129878 1.14643
-0.237189 0.680011
-0.35015 0.680011
0.381805 0.64078
0.817988 0.126412
-0.120949 1.14643
0.314669 0.64078
-0.0674538 1.14643
-0.528856 0.322569
0.208752 1.06361
0.500188 0.252825
-0.141556 1.14643
-0.337266 0.680011
-0.449986 0.680011
0.179364 1.06361
0.107194 1.06361
-0.207049 1.14643
-0.635696 0.322569
0.0837515 1.06361
0.279055 0.64078
0.276972 0.64078
-0.23691 0.680011
0.321851 0.64078
0.492531 0.252825
0.191375 1.06361
0.0752262 1.06361
-0.0371084 1.14643
-0.101251 1.14643
-0.080917 1.14643
0.121385 1.06361
-0.0807646 1.14643
-0.209854 1.14643
0.0623238 1.06361
-0.128986 1.14643
0.159959 1.06361
-0.0282328 1.14643
-0.294799 0.680011
0.776801 0.126412
0.62978 0.252825
0.0509465 1.06361
-0.204522 1.14643
0.3387 0.64078
-0.561834 0.322569
-0.215724 1.14643
-0.190124 1.14643
0.185414 1.06361
-0.0324302 1.14643
-0.353967 0.680011
-0.359869 0.680011
-0.28009 0.680011
0.297495 0.64078
0.34299 0.64078
-0.395069 0.680011
-0.239416 0.680011
0.211302 1.06361
0.470154 0.252825
-0.314278 0.680011
0.189982 1.06361
-0.272888 0.680011
0.280743 0.64078
0.209396 1.06361
-0.234719 0.680011
0.160959 1.06361
-0.597047 0.322569
-0.0398076 1.14643
0.0514307 1.06361
0.379795 0.64078
0.199987 1.06361
0.676157 0.252825
0.282072 0.64078
-0.0453899 1.14643
-0.424245 0.680011
0.218465 1.06361
0.204252 1.06361
0.651324 0.252825
0.632646 0.252825
-0.27352 0.680011
0.0925247 1.06361
-0.0662403 1.14643
0.309776 0.64078
-0.0470596 1.14643
0.730686 0.126412
0.218748 1.06361
-0.17935 1.14643
-0.281399 0.680011
0.24119 0.64078
-0.246528 0.680011
-0.35604 0.680011
-0.210414 1.14643
0.228268 1.06361
0.272721 0.64078
0.211993 1.06361
0.154128 1.06361
-0.208043 1.14643
-0.225847 0.680011
-0.417646 0.680011
0.384429 0.64078
-0.147435 1.14643
-0.11577 1.14643
0.246399 0.64078
-0.153866 1.14643
0.0868677 1.06361
0.0439026 1.06361
0.910678 0.126412
-0.00908533 1.14643
0.593308 0.252825
-0.916852 0.0305133
0.301053 0.64078
-0.234423 0.680011
-0.936673 0.0305133
-0.541721 0.322569
0.551521 0.252825
-0.415743 0.680011
0.578859 0.252825
-0.0465 1.14643
-0.78265 0.0610266
-0.235013 0.680011
0.0711397 1.06361
0.258909 0.64078
0.679759 0.252825
0.0578515 1.06361
0.266378 0.64078
-0.0699414 1.14643