0.0168
0.0004
0.0001
0.0003
0.0003
0.0002
0.0001
0.0001
0.0001
0.0002
0.0017
0.0001
0.0001
0.0001
0.0001
0
0
0.0001
0.0001
0.0001
0.0001
0.0001
0.0001
0.0002
0.0002
0.0001
0.0002
0.0001
0.0002
0.0002
0.0002
0.0003
0.0002
0.0002
0.0001
0.0002
0.0001
0.0002
0.0002
0.0002
0.0001
0.0001
0.0001
0.0001
0.0001
0.0002
0.0001
0.0001
0.0001
0.0001
0.0001
0
0.0001
0
0.0001
0.0001
0.0001
0.0001
0.0001
0.0001
0.0001
0.0001
0.0001
0.0001
0.0001
0.0001
0.0001
0.0001
0.0001
0.0001
0.0001
0.0001
0.0001
0.0001
0
0.0001
0.0001
0.0001
0.0001
0.0001
0.0001
0
0.0001
0.0002
0.0002
0.0002
0.0001
0.0002
0.0001
0.0001
0.0001
0.0002
0.0001
0.0001
0.0001
0.0001
0.0001
0.0001
0.0001
0.0001
0.0001
0.0001
0.0001
0.0001
0.0001
0.0002
0.0002
0.0002
0.0002
0.0001
0.0001
0.0002
0.0002
0.0002
0.0002
0.0001
0.0002
0.0001
0.0002
0.0002
0.0002
0.0001
0.0001
0.0002
0.0002
0.0001
0.0002
0.0001
0.0001
0.0001
0.0001
0.0001
0.0001
0.0001
0.0002
0.0001
0.0001
0.0001
0.0001
0.0001
0.0002
0.0002
0.0001
0.0002
0.0003
0.0002
0.0002
0.0002
0.0001
0.0002
0.0001
0.0001
0.0001
0.0001
0.0001
0.0001
0.0001
0.0001
0.0002
0.0001
0.0002
0.0002
0.0001
0.0001
0.0001
0.0002
0.0002
0.0001
0.0008
0.0001
0.0001
0.0002
0.0001
0.0001
0.0002
0.0001
0.0001
0.0001
0.0002
0.0002
0.0001
0.0002
0.0002
0.0001
0.0001
0.0001
0.0001
0.0001
0.0003
0.0002
0.0003
0.0002
0.0001
0.0001
0
0.0001
0.0001
0
0.0001
0.0001
0.0001
0.0001
0.0001
0.0001
0
0.0001
0.0001
0.0001
0.0002
0.0001
0.0001
0.0001
0.0001
0.0002
0.0001
0.0003
0.0001
0.0001
0.0001
0.0001
0.0001
0.0003
0.0004
0.0001
0.0001
0.0002
0.0001
0.0001
0.0001
0.0001
0.0004
0.0001
0.0001
0.0003
0.0002
0.0002
0.0001
0.0001
0.0002
0.0001
0.0001
0.0002
0.0001
0.0002
0.0002
0.0004
0.0004
0.0002
0.0007
0.0003
0.0012
0.0003
0.0004
0.0003
0.0002
0
0.0001
0.0002
0.0001
0.0005
0.0004
0.0003
0.0001
0.0001
0.0001
0.0001
0.0001
0.0001
0.0002
0.0001
0
0.0001
0.0002
0.0002
0.0004
0.0002
0.0004
0.0001
0
0.0003
0.0002
0.0005
0.0003
0.0001
0.0004
0.0002
0.0003
0.0006
0.0002
0.0002
0.0004
0.0002
0.0001
0.0001
0.0001
0.0002
0.0003
0.0001
0.0004
0.0001
0.0001
0.0001
0.0001
0.0001
0.0001
0.0001
0.0001
0
0.0001
0.0001
0.0001
0.0005
0.0002
0
0.0001
0.0001
0.0042
0.0004
0.0002
0.0001
0.0001
0.0001
0.0001
0.0001
0
0.0002
0.0002
0.0003
0.0004
0.0002
0.0004
0.0002
0.0002
0.0003
0.0001
0.0003
0.0002
0.0001
0.0001
0.0001
0.0001
0.0001
0.0002
0.0001
0.0001
0.0001
0.0001
0.0002
0.0001
0.0001
0.0001
0.0001
0.0002
0.0001
0.0001
0.0001
0.0001
0.0002
0.0001
0.0001
0.0001
0.0001
0.0001
0.0001
0.0001
0.0001
0
0.0001
0.0001
0.0001
0.0002
0.0001
0.0002
0.0001
0.0001
0.0002
0.0003
0.0002
0.0001
0.0001
0.0001
0
0.0001
0.0001
0.0001
0.0004
0.0001
0.0001
0.0001
0.0008
0.0001
0.0001
0.0001
0.0001
0.0002
0.0001
0.0001
0.0001
0.0001
0.0001
0.0001
0.0002
0.0002
0.0001
0.0001
0.0001
0.0001
0.0001
0.0001
0.0001
0.0001
0.0001
0.0003
0.0002
0.0001
0.0001
0.0001
0.0001
0.0001
0.0001
0.0001
0.0001
0.0001
0.0001
0.0001
0.0001
0.0001
0.0001
0.0001
0.0001
0.0001
0.0001
0.0001
0.0001
0.0001
0.0001
0.0001
0.0001
0.0001
0.0001
0.0001
0.0002
0.0002
0.0001
0.0001
0.0002
0.0001
0.0001
0.0002
0.0001
0.0001
0.0001
0.0001
0.0001
0.0001
0.0001
0.0001
0.0001
0.0001
0.0001
0.0001
0.0001
0.0002
0.0001
0.0002
0.0001
0.0001
0.0002
0.0001
0.0001
0.0001
0.0001
0.0002
0.0001
0.0001
0.0001
0.0002
0.0001
0.0001
0.0001
0.0001
0.0001
0.0001
0
0.0001
0.0001
0.0001
0.0001
0.0001
0.0002
0.0001
0.0002
0.0001
0.0002
0.0001
0.0001
0.0001
0.0001
0.0002
0.0001
0.0001
0
0.0002
0.0002
0.0003
0.0001
0.0001
0
0.0001
0.0001
0.0001
0.0001
0.0002
0.0002
0.0001
0.0001
0.0001
0.0001
0.0001
0.0001
0.0001
0.0002
0.0002
0.0002
0.0002
0.0002
0.0002
0.0003
0.0002
0.0002
0.0001
0.0002
0.0002
0.0001
0.0001
0.0002
0.0002
0.0001
0.0002
0.0001
0.0001
0.0001
0.0001
0.0001
0.0001
0.0001
0.0002
0.0002
0.0002
0.0001
0.0001
0.0001
0.0001
0.0001
0.0001
0.0001
0.0001
0.0001
0.0002
0.0001
0.0001
0.0001
0
0.0001
0.0002
0.0001
0.0002
0.0002
0.0001
0.0001
0.0001
0.0001
0.0002
0.0001
0.0001
0.0002
0.0001
0.0001
0.0002
0.0002
0.0002
0.0001
0.0002
0.0001
0.0003
0.0008
0.0002
0.008
0.0002
0.0001
0.0001
0
0.0001
0.0001
0.0001
0.0001
0.0001
0.0001
0.0001
0.0001
0.0001
0.0001
0.0001
0.0002
0.0001
0.0001
0.0001
0.0001
0.0001
0.0001
0.0001
0.0001
0.0001
0.0001
0
0.0001
0.0001
0.0001
0.0001
0.0002
0.0002
0.0001
0.0001
0.0001
0.0001
0.0001
0.0001
0.0001
0
0
0.0001
0.0002
0.0003
0.0002
0.0002
0.0001
0.0001
0.0002
0.0001
0.0001
0.0001
0.0001
0.0001
0.0001
0
0.0001
0.0001
0.0001
0.0001
0.0002
0.0001
0.0002
0.0001
0.0001
0.0001
0.0002
0.0002
0.0001
0.0001
0.0001
0.0001
0.0001
0.0001
0.0001
0.0001
0.0001
0.0001
0.0001
0.0002
0.0001
0.0001
0.0002
0.0001
0.0001
0.0001
0.0001
0.0001
0.0016
0.0001
0.0001
0.0001
0.0001
0.0001
0
0.0001
0.0001
0.0001
0.0001
0.0001
0.0001
0.0001
0.0002
0.0002
0.0001
0.0011
0.0001
0.0002
0.0002
0.0001
0.0001
0.0001
0.0001
0.0001
0.0001
0.0001
0.0001
0.0001
0.0001
0.0001
0.0001
0.0001
0.0001
0.0001
0.0002
0.0001
0.0001
0.0001
0.0002
0.0002
0.0002
0.0002
0.0002
0.0001
0.0001
0.0001
0.0001
0.0001
0.0001
0.0001
0.0002
0.0001
0.0001
0.0002
0.0001
0.0001
0.0001
0.0001
0.0001
0.0001
0.0002
0.0001
0.0002
0.0002
0.0001
0.0001
0.0002
0.0002
0.0001
0.0001
0.0003
0.0003
0.0001
0.0019
0.0001
0.0001
0.0001
0.0001
0.0021
0.0001
0.0001
0.0001
0.0001
0.0001
0.0001
0.0002
0.0001
0.0002
0.0002
0.0001
0.0002
0.0002
0.0001
0.0001
0.0002
0.0002
0.0001
0.0001
0.0003
0.0002
0.0002
0.0002
0.0003
0.0001
0.0001
0.0001
0.0001
0.0001
0.0001
0.0001
0.0001
0.0002
0.0001
0.0002
0.0001
0.0001
0.0001
0.0002
0.0001
0.0002
0.0002
0.0001
0.0001
0.0001
0.0001
0.0001
0.0001
0.0001
0.0002
0.0001
0.0001
0.0001
0.0001
0.0001
0.0001
0.0001
0.0002
0.0001
0.0001
0.0002
0.0001
0.0001
0.0001
0.0001
0.0001
0.0002
0.0002
0.0002
0.0002
0.0001
0.0001
0.0001
0.0011
0.0002
0.0002
0.0001
0.0002
0.0001
0.0001
0
0.0001
0.0001
0.0001
0.0001
0.0001
0.0001
0.0001
0.0001
0.0001
0.0001
0.0004
0.0002
0.0001
0.0001
0.0002
0.0001
0.0001
0.0001
0.0002
0.0001
0.0002
0.0002
0.0001
0.0001
0.0001
0.0002
0.0001
0.0001
0.0001
0.0001
0.0001
0.0001
0.0001
0.0001
0.0001
0.0001
0.0002
0.0001
0.0001
0.0001
0.0002
0.0031
0.0001
0.0001
0.0001
0.0001
0.0001
0.0001
0.0001
0.0002
0.0001
0.0001
0.0001
0
0.0001
0.0001
0.0001
0.0001
0.0001
0.0001
0.0002
0.0001
0.0002
0.0001
0.0001
0.0001
0.0001
0.0001
0.0002
0.0001
0.0001
0.0001
0.0001
0.0001
0.0001
0.0001
0.0001
0.0001
0.0001
0.0001
0.0001
0.0001
0.0001
0.0001
0.0001
0.0001
0
0
0
0.0001
0.0001
0
0.0001
0.0001
0
0.0001
0.0001
0.0001
0.0001
0.0003
0.0003
0.0001
0.0002
0.0063
0.0003
0.0001
0.0001
0.0001
0.0001
0.0001
0.0001
0.0001
0.0002
0.0001
0
0.0001
0.0001
0.0001
0.0001
0.0001
0
0.0001
0.0001
0.0001
0.0001
0
0.0001
0.0001
0.0001
0.0001
0.0001
0.0001
0.0001
0.0002
0.0002
0.0001
0.0001
0.0001
0.0002
0.0001
0.0002
0.0001
0.0001
0.0001
0.0002
0.0002
0.0001
0.0001
0.0002
0.0004
0.0002
0.0002
0.0002
0.0001
0.0001
0.0002
0.0001
0.0003
0.0003
0.0001
0.0001
