0.0468
0.0062
0.0015
0.0023
0.0013
0.0009
0.001
0.0019
0.0011
0.0009
0.001
0.001
0.0012
0.0011
0.0022
0.0014
0.0027
0.0009
0.0013
0.0023
0.0073
0.0011
0.0024
0.0011
0.0011
0.0011
0.0012
0.001
0.0011
0.0011
0.0013
0.0015
0.0009
0.002
0.0008
0.0008
0.0009
0.0009
0.0009
0.0008
0.0011
0.0013
0.001
0.001
0.001
0.0021
0.0011
0.0022
0.001
0.0009
0.0022
0.0009
0.0013
0.001
0.0009
0.0009
0.0011
0.0021
0.001
0.001
0.0012
0.001
0.001
0.001
0.002
0.0009
0.0009
0.0007
0.0009
0.0009
0.0009
0.0009
0.001
0.0009
0.0023
0.001
0.0009
0.0009
0.0008
0.0008
0.0017
0.0009
0.0019
0.0018
0.0009
0.0009
0.0009
0.0009
0.0009
0.0009
0.001
0.0009
0.0009
0.001
0.0009
0.002
0.001
0.0009
0.0007
0.001
0.001
0.0009
0.0009
0.0009
0.0009
0.0017
0.0009
0.0009
0.002
0.0009
0.0011
0.001
0.0009
0.0009
0.001
0.0011
0.0009
0.001
0.0011
0.0019
0.0018
0.0008
0.0008
0.0018
0.002
0.001
0.0009
0.0008
0.001
0.0008
0.0013
0.001
0.0011
0.0008
0.0017
0.0009
0.0009
0.0047
0.0011
0.001
0.0009
0.0019
0.0008
0.0008
0.001
0.001
0.0015
0.0009
0.001
0.0009
0.0009
0.0008
0.001
0.0009
0.0009
0.001
0.001
0.0009
0.0009
0.0008
0.0007
0.0008
0.0008
0.0008
0.0009
0.001
0.0009
0.0009
0.002
0.0009
0.0009
0.0009
0.0019
0.0019
0.0008
0.0009
0.0009
0.0009
0.0008
0.0009
0.0009
0.001
0.0011
0.0009
0.0009
0.0011
0.0009
0.0009
0.0024
0.001
0.0009
0.0009
0.0008
0.001
0.0018
0.0023
0.001
0.0011
0.0011
0.0009
0.0009
0.0009
0.0009
0.0009
0.0009
0.0009
0.0009
0.0009
0.0009
0.0019
0.0008
0.001
0.0018
0.0009
0.0009
0.0007
0.001
0.0008
0.0009
0.001
0.0008
0.0009
0.001
0.001
0.0008
0.0018
0.001
0.001
0.001
0.0008
0.0009
0.0009
0.0009
0.0014
0.001
0.0008
0.002
0.001
0.0009
0.0008
0.0013
0.0009
0.001
0.001
0.0009
0.0009
0.0009
0.0008
0.0009
0.0008
0.0009
0.0008
0.001
0.0017
0.0008
0.001
0.001
0.0009
0.0011
0.001
0.001
0.0008
0.001
0.0008
0.001
0.001
0.001
0.0009
0.0017
0.0011
0.0009
0.004
0.0009
0.0007
0.0006
0.0006
0.0008
0.0006
0.0006
0.0007
0.0006
0.0007
0.0006
0.0007
0.0006
0.0014
0.0006
0.0007
0.0006
0.0007
0.0006
0.0006
0.0006
0.0006
0.0006
0.0006
0.0006
0.0006
0.0006
0.0006
0.0007
0.0006
0.0006
0.0006
0.0006
0.0006
0.0006
0.0006
0.0006
0.0006
0.0007
0.0006
0.0006
0.0006
0.0006
0.0006
0.0021
0.0007
0.0006
0.0006
0.0007
0.0006
0.0006
0.0006
0.0006
0.0006
0.0006
0.0014
0.0007
0.0006
0.0006
0.0006
0.0006
0.0005
0.0006
0.0006
0.0006
0.0006
0.0006
0.0006
0.0007
0.0014
0.0014
0.0008
0.0007
0.0007
0.0008
0.0007
0.0009
0.0012
0.0009
0.0006
0.0006
0.0006
0.0006
0.0007
0.0013
0.0006
0.0006
0.0007
0.0006
0.0006
0.0008
0.001
0.0019
0.0006
0.001
0.0006
0.0006
0.0006
0.0006
0.0005
0.0015
0.0007
0.0006
0.0007
0.0008
0.0008
0.0008
0.0009
0.0009
0.0018
0.0009
0.001
0.0017
0.0007
0.0008
0.0006
0.0006
0.0006
0.0006
0.0006
0.0006
0.0006
0.0006
0.0006
0.0006
0.0007
0.0005
0.0005
0.0006
0.0006
0.0013
0.0006
0.0006
0.0006
0.0006
0.0007
0.0007
0.0006
0.0006
0.0007
0.0006
0.0006
0.0006
0.0006
0.0006
0.0007
0.0006
0.0039
0.0017
0.0009
0.0009
0.0008
0.0008
0.0008
0.0008
0.0009
0.0019
0.0011
0.0008
0.001
0.001
0.0008
0.0009
0.001
0.0017
0.001
0.001
0.0009
0.001
0.0009
0.001
0.001
0.001
0.001
0.0029
0.001
0.001
0.0009
0.0008
0.0009
0.0009
0.001
0.0009
0.0007
0.0006
0.0013
0.0006
0.0007
0.0006
0.0006
0.0007
0.0005
0.0006
0.0006
0.0006
0.0005
0.0006
0.0007
0.0006
0.0006
0.0008
0.0008
0.0007
0.0006
0.0006
0.0006
0.0006
0.0006
0.0005
0.0005
0.0006
0.0007
0.0006
0.0007
0.0006
0.0006
0.0006
0.0027
0.0015
0.0009
0.0008
0.001
0.0009
0.0009
0.002
0.0008
0.0008
0.001
0.0009
0.0006
0.0007
0.0006
0.0005
0.0006
0.0007
0.0006
0.0006
0.0005
0.0006
0.0006
0.0006
0.0006
0.0006
0.0006
0.0006
0.0007
0.0006
0.0006
0.0007
0.0006
0.0006
0.0021
0.001
0.0009
0.0034
0.001
0.0007
0.0013
0.0016
0.0009
0.0011
0.0008
0.0009
0.0016
0.001
0.0009
0.001
0.002
0.0009
0.0009
0.0008
0.001
0.0009
0.001
0.0007
0.0009
0.0066
0.0011
0.0042
0.0011
0.001
0.0009
0.0009
0.0009
0.0008
0.0009
0.0009
0.0017
0.0009
0.001
0.0011
0.0029
0.0013
0.001
0.0009
0.0007
0.0011
0.0009
0.0009
0.0008
0.013
0.0031
0.0011
0.001
0.002
0.0022
0.0012
0.001
0.0011
0.0012
0.0011
0.0009
0.0013
0.0009
0.0009
0.0013
0.001
0.0022
0.0008
0.0023
0.0008
0.0009
0.0008
0.0008
0.0009
0.0009
0.001
0.0008
0.0008
0.001
0.0009
0.0009
0.001
0.0008
0.0011
0.0009
0.0009
0.0024
0.001
0.0009
0.0008
0.0008
0.0008
0.0009
0.002
0.0009
0.001
0.001
0.0008
0.0009
0.001
0.0008
0.0009
0.0008
0.0009
0.0009
0.0008
0.001
0.0009
0.0009
0.0008
0.001
0.0009
0.0009
0.0009
0.001
0.0027
0.0011
0.001
0.0009
0.0008
0.0009
0.0019
0.001
0.001
0.0013
0.001
0.001
0.001
0.0009
0.0009
0.0009
0.001
0.0011
0.001
0.0008
0.0009
0.0009
0.001
0.0009
0.0009
0.001
0.0009
0.0047
0.0011
0.0011
0.0009
0.001
0.0018
0.0008
0.0009
0.0009
0.0009
0.002
0.0009
0.0009
0.0009
0.0009
0.0009
0.0009
0.0009
0.001
0.0008
0.0008
0.0009
0.0008
0.0011
0.0009
0.0009
0.0033
0.0149
0.0023
0.0009
0.0009
0.0009
0.0007
0.0006
0.0006
0.0006
0.0006
0.0006
0.0007
0.0006
0.0005
0.0006
0.0006
0.0006
0.0005
0.0006
0.0014
0.0006
0.0007
0.0007
0.0007
0.0006
0.0006
0.0005
0.0006
0.0006
0.0006
0.0006
0.0006
0.0006
0.0006
0.0006
0.0006
0.0006
0.0006
0.0027
0.0008
0.0009
0.0007
0.0019
0.0009
0.0009
0.0008
0.0009
0.0009
0.0008
0.0008
0.0011
0.001
0.0009
0.0009
0.0019
0.0029
0.0009
0.0017
0.001
0.001
0.001
0.0028
0.0016
0.0009
0.0008
0.001
0.0008
0.0009
0.0008
0.0007
0.0017
0.0006
0.0006
0.0007
0.0005
0.0006
0.0006
0.0006
0.0007
0.0006
0.0006
0.0005
0.0006
0.0006
0.0007
0.0006
0.0006
0.0006
0.0006
0.0005
0.0007
0.0007
0.0006
0.0006
0.0007
0.0006
0.0006
0.0006
0.0005
0.0007
0.0016
0.0012
0.001
0.0009
0.0007
0.001
0.0008
0.0009
0.0009
0.0008
0.0007
0.0008
0.0008
0.0017
0.0007
0.0009
0.001
0.0009
0.0008
0.0007
0.0013
0.0006
0.0006
0.0006
0.0006
0.0006
0.0006
0.0006
0.0006
0.0007
0.0007
0.0006
0.0006
0.0009
0.0007
0.0032
0.0012
0.001
0.002
0.0021
0.0008
0.0009
0.0009
0.0007
0.0006
0.0006
0.0007
0.0006
0.0005
0.0007
0.0006
0.0006
0.0006
0.0006
0.0006
0.0006
0.0006
0.0006
0.0006
0.0006
0.0007
0.0006
0.0006
0.0006
0.0006
0.0006
0.0006
0.0006
0.0006
0.0006
0.0006
0.0006
0.0009
0.0008
0.0038
0.0014
0.0527
0.0011
0.0012
0.001
0.001
0.0009
0.001
0.0009
0.002
0.001
0.0009
0.0009
0.001
0.0009
0.0009
0.0009
0.0008
0.0009
0.0008
0.0038
0.0013
0.0009
0.0022
0.001
0.001
0.0009
0.0009
0.0009
0.0009
0.0008
0.0007
0.0008
0.0009
0.001
0.0008
0.001
0.0011
0.001
0.0009
0.0008
0.001
0.0008
0.001
0.0011
0.0009
0.0007
0.0008
0.0009
0.0011
0.0009
0.001
0.0009
0.001
0.0009
0.0009
0.0009
0.0029
0.001
0.001
0.001
0.0009
0.0009
0.001
0.0009
0.0009
0.0011
0.0009
0.001
0.0007
0.001
0.0035
0.0066
0.0011
0.0009
0.001
0.001
0.001
0.0009
0.0008
0.0007
0.0009
0.001
0.0008
0.0011
0.0009
0.0009
0.0037
0.0012
0.0007
0.0009
0.0007
0.0007
0.0007
0.0006
0.0014
0.0006
0.0006
0.0013
0.0006
0.0006
0.0006
0.0006
0.0014
0.0006
0.0007
0.0006
0.0006
0.0006
0.0007
0.0006
0.0006
0.0006
0.0007
0.0007
0.0006
0.0007
0.0019
0.0011
0.0008
0.0006
0.0007
0.0007
0.0006
0.0008
0.0006
0.0006
0.0006
0.0006
0.0006
0.0006
0.0005
0.0006
