-4.66945
0.449982
-0.739616
0.84387
-0.00888075
0.872356
-0.577223
1.21297
-1.11533
0.706306
-0.0955918
1.85054
-2.06977
-0.728248
-0.549745
-0.704299
-0.525264
-1.59073
0.151791
-0.24695
-0.0501194
0.179764
0.480571
0.0763317
0.0912761
0.264062
0.0534385
-0.539048
-0.322856
0.399006
0.860346
0.580788
2.9115
-0.15399
-0.250753
-0.0584385
0.223861
-0.524438
0.876144
0.408755
-0.528891
-0.416419
-0.469131
0.203122
0.288259
0.840709
-0.288545
-0.747906
0.798743
-0.593312
1.58206
1.32039
-0.187929
0.8702
-0.0708696
1.06399
-0.371584
0.555959
-0.430831
-1.67036
-0.450629
-1.12432
0.0214329
-0.557124
-1.05606
0.401123
-0.408721
0.744859
0.190406
-0.425676
-0.610496
-0.157375
-0.114779
-0.0365626
-0.490465
0.0855981
-0.320916
0.642037
2.90061
0.719857
0.260971
-0.27579
0.197704
0.282849
-0.0605277
1.09335
-0.571659
-0.140628
-0.104755
-0.0117857
0.734359
4.53397
0.26603
0.997708
0.787041
-1.76556
-0.197729
0.706928
0.257988
-0.142788
0.0946935
-0.738122
0.350309
0.834419
0.527452
-0.666192
1.57816
0.933724
-1.20012
-1.77654
0.241876
-0.0783553
0.137576
0.26742
-0.532585
-0.917588
-0.463226
0.178351
-0.117806
-0.525121
-0.0932098
0.634813
0.432267
-0.214183
-0.422202
0.749101
-0.403935
-0.237719
0.263378
0.489731
-0.217233
0.534774
0.627912
-1.05397
0.489782
1.10778
-0.0135116
-0.634645
1.75887
0.270929
-0.753507
-0.272043
-0.92092
-0.604379
-0.204431
0.40837
-0.0542407
1.131
1.58296
-0.474609
0.682409
1.31065
-0.272308
-1.93741
-0.291492
-0.261213
0.470539
-0.607677
0.213777
-0.604161
-0.595139
-0.55226
-0.588391
-1.21016
-0.368925
-0.530931
0.205767
-0.467996
-0.136998
-0.9892
-0.056715
-0.1606
-0.967273
-1.21682
0.847096
-0.299668
0.33316
1.81359
-0.422324
1.27941
-1.01797
-0.424936
-0.521527
0.155371
-0.611265
0.371166
-1.02093
-0.0209134
0.910497
-1.89691
-0.228825
0.112057
0.864354
0.292465
0.253426
0.0773839
-0.393809
0.625972
0.822141
0.00323542
0.801785
1.91589
-0.731765
-0.0800557
0.034534
1.06019
0.22154
2.21825
0.950707
-0.921494
0.115764
0.419707
-0.472519
1.32759
0.791304
0.0505739
-0.0222503
0.574706
0.712776
3.45243
0.151966
0.451702
-0.966594
-3.32227
-0.886746
0.349215
-0.228366
0.187239
-0.299882
-0.507639
0.0922492
1.49474
-0.169219
-1.90535
0.204775
0.703649
-0.0933395
1.06135
-0.327675
0.694145
-1.36117
0.239461
-0.285476
0.304581
1.57405
0.331767
-1.39183
0.00886545
-1.41651
1.20259
-0.0222627
0.0176687
-1.08331
0.309923
0.224948
-0.351732
-0.283312
-0.13906
-0.955279
-0.665529
-0.22278
-0.732646
-0.996235
1.08499
0.14938
-1.47378
0.657158
0.720265
-0.636058
-0.21906
-0.34793
0.482055
0.214147
0.153368
1.04078
1.13035
-0.704021
-0.166666
-0.370009
-1.04789
-0.0776694
0.434066
-0.793723
-0.1081
-0.926621
-0.0984707
-0.0436969
0.338027
-0.169972
0.516761
-1.08035
1.45923
-1.4786
-0.599334
0.505705
1.76468
-1.32647
-0.339252
-1.23593
-0.753153
0.170179
-0.438701
-0.624955
-1.85748
2.40952
0.903499
-0.545278
-0.207414
-0.780136
0.635094
1.44758
0.220901
-0.535012
0.88952
-0.960798
0.035787
-0.553779
0.372912
0.694463
-2.10416
-0.276922
-0.220516
-1.82828
1.03679
-2.6155
0.346912
-0.128377
0.239305
-0.303071
0.63347
-0.455538
-0.611837
0.289312
-0.335221
-0.220867
0.109931
-0.339126
0.264311
-0.376534
0.129323
0.646392
0.474921
1.14222
0.442812
0.298927
0.25609
-0.06167
-0.124093
0.221029
-0.570563
0.542954
0.267207
-1.05122
0.0617315
-0.169417
0.0663185
-0.224638
1.37046
-0.494819
-0.378872
0.173852
-0.803684
0.326406
-0.0320327
0.222525
1.58026
-1.48165
-0.352818
-0.842817
-1.90922
-0.300464
0.448902
-0.726389
-2.30858
-1.14544
-0.367968
-1.79439
0.0984397
0.214307
0.743225
-0.0123621
0.040058
0.296923
-0.2863
0.716423
0.438642
0.431767
-1.854
0.454285
-1.33883
0.20726
0.893326
-1.07246
3.15144
0.62064
-0.184517
0.965187
-0.988545
0.122562
0.946253
-0.99993
0.789716
0.182434
0.208902
-1.12737
0.557206
0.00431821
-1.59859
0.578024
-0.303689
0.652824
-0.143134
-0.179173
-0.172084
-1.28319
0.832154
0.0567957
-0.649573
-0.0125318
0.0279902
0.567995
0.631358
-0.85751
0.693296
0.0957514
0.327697
0.512774
0.665987
0.652879
-0.750981
0.867627
0.0413124
0.683925
-0.718549
-0.409025
-0.544018
0.154741
0.298541
-0.870549
-0.416905
-1.45224
0.690013
-0.0430089
-0.200131
-0.655214
-0.0422196
-0.19411
0.787204
0.129497
0.695829
0.0251869
-2.0595
0.2224
0.309682
-1.44
-1.1972
-0.257676
0.470635
-0.180071
-0.318273
0.00665412
0.599712
0.393606
0.234888
0.069772
-0.312794
0.452814
0.221011
0.369253
-4.69466
0.280534
-0.927014
0.0365609
0.636624
0.21261
0.351507
-0.563114
0.0193929
1.06883
0.1422
0.744243
0.191859
0.580481
-0.518347
0.201684
-0.153897
-1.03061
-1.07705
0.296021
0.0943528
1.51787
0.617103
-0.317668
-0.424023
-0.0844575
-1.22265
0.30816
1.00871
1.41059
-0.780502
0.421229
0.0268491
-0.0126497
0.2853
0.696617
0.265443
-0.303976
0.860404
-0.832244
0.340903
-0.227282
0.66413
-0.0922727
0.0239837
0.192065
-1.05563
0.525276
-0.00790554
0.559779
0.241956
0.218547
-0.267299
-0.577668
0.217246
0.25989
0.946266
-1.17258
1.37135
0.0350924
0.428715
1.41703
0.0655266
0.253006
-0.186169
0.809784
-0.214542
0.455283
-0.671483
-2.37548
0.709748
0.894877
1.35247
0.880619
-0.301798
-0.843289
-0.533105
0.982647
0.232354
-0.286007
-0.567412
-0.15165
-0.418052
-0.0279263
-1.74834
3.14063
-0.258101
-0.298374
0.476739
0.675434
0.60351
-0.213903
0.494678
-0.532352
0.64563
-0.00959753
1.11427
-0.599706
-0.719053
-0.444954
0.526608
0.86801
-1.03185
3.60907
-0.337479
-0.284279
-0.722795
0.754659
0.0990443
0.152903
-0.140189
0.652387
-0.309134
0.744994
-0.115576
0.440211
0.14512
-1.15711
-0.000149013
-0.14837
0.0423079
-1.41459
-0.290854
2.86577
-1.43983
0.555704
0.161285
0.842688
1.98136
-0.183474
-0.843207
0.874794
-0.177001
-0.711834
-0.20232
0.110564
-0.378464
-0.146389
-0.0265421
-0.0444112
0.2123
0.374498
2.74273
0.569753
1.75006
0.509394
0.0832488
-0.184778
0.424213
0.018111
0.859074
2.09695
-0.208538
0.385988
0.4426
0.34552
-2.29739
0.339212
1.22839
1.73719
0.533493
-1.18059
-1.08425
0.426338
0.23677
0.899081
0.225512
0.285532
0.153733
-0.98997
-0.597228
1.18851
-0.0173982
-0.0953772
0.444546
-0.72269
0.120931
-0.293562
-0.10363
0.00978797
0.0685506
-0.312569
-1.12941
-0.373371
0.488247
0.202558
-0.0173197
-0.258431
-0.0728285
0.46147
0.347352
1.08385
0.882721
-0.295393
-0.62125
0.121497
-0.208335
0.339838
-1.3959
0.474073
0.923655
-0.0940586
0.0499954
-0.127105
0.627746
1.03616
-0.192374
-0.27963
2.4405
1.39415
-0.372889
-0.275593
-0.119248
0.272794
0.316582
0.520722
0.0465601
1.06123
-0.371524
-0.321557
0.313858
0.46653
-0.483351
-0.597326
1.5027
1.33628
-0.0363893
0.25175
0.983909
-0.130789
1.36798
-0.417835
-0.485467
0.0242077
-0.179947
-0.104759
-0.243212
-1.08403
0.197697
1.37237
0.311968
0.252889
-4.1803
0.653674
-0.921538
0.365151
0.138264
-0.227499
0.276321
-0.278967
1.03842
-1.52861
-0.739725
0.559692
0.441488
0.0303022
-2.46992
2.25626
-1.81308
-0.165431
-0.288685
-0.847218
0.274365
-0.0462635
-2.7474
-1.04083
0.942648
0.204794
-0.495041
0.234749
2.69536
-0.153362
0.470455
-0.141958
-1.34007
0.914918
-0.61805
-0.708141
0.52121
-0.848824
-0.212438
-0.738458
0.42149
0.345137
-0.641218
-0.592727
0.982108
0.42189
0.501221
0.962815
1.03349
-0.0699795
-3.11554
0.384505
-0.113947
-0.301129
-0.383983
-0.305468
0.0818871
-0.304797
-0.140883
0.453561
0.0288266
-0.251548
-1.08722
-1.59836
-0.724665
0.0367842
0.609689
0.414353
0.298163
-0.682327
-2.26625
0.0660166
0.787974
-1.56097
-0.258925
1.21494
-0.332808
0.177538
0.180046
-0.144642
1.18163
-0.372845
-0.021504
-0.273262
0.717358
-0.312478
-0.605257
-0.756009
1.70623
2.17215
-0.241408
0.191817
-1.62534
-0.612013
0.217576
-1.29687
0.209725
-0.158277
1.26756
0.392485
0.386131
-0.16569
-0.143275
0.132188
0.24546
-0.0218731
1.71521
0.179776
-0.20288
-0.146462
-0.406405
-0.239779
-0.403384
-1.29757
0.2445
-0.010437
0.384542
-0.129695
1.04691
0.0232758
-0.191535
-0.556113
1.50998
-1.04818
1.06734
0.140011
-1.41568
-0.464554
0.214635
-0.577352
-0.0460838
0.864103
-0.0702209
1.45571
-1.92328
-0.749626
1.21902
1.09175
0.628521
0.493668
-0.0910531
0.0899957
-0.297935
-0.573497
-0.617539
0.28732
0.756131
-0.393935
-1.94098
-0.0371233
-0.85741
-0.264397
0.767663
0.450574
0.625697
-1.20476
-0.315571
-0.0130981
-0.549874
-0.797403
-0.668847
-0.779084
0.15714
2.29936
0.302078
-1.07048
-0.542577
-1.67486
0.129498
1.2259
0.674187
0.715002
-0.196771
1.04954
0.958608
0.402019
-3.14381
-0.160213
-1.10754
0.144617
-1.02987
-0.483201
-0.00312731
-1.21548
-0.309997
-0.469919
-0.784698
0.86586
-0.758009
0.0214026
1.36764
0.268746
-0.838049
-0.562176
0.53404
-0.279003
-0.343891
-0.14638
-0.372055
0.370682
0.353543
-0.33917
0.494142
-0.0697865
0.331209
0.0607838
-0.163539
-1.51852
-0.487274
-0.671126
-0.274692
0.622193
1.09798
-0.363724
-0.971086
1.23363
-0.0769496
0.0245129
-0.0912864
-0.292202
0.568978
-0.392673
-0.257944
-1.0493
-0.30643
0.855835
-0.591364
-0.980829
0.503
-5.72805
-0.102355
0.233108
-0.154862
-0.654378
-1.32663
-0.769175
-0.477929
-0.0429604
0.0134242
-0.0663174
-0.150572
0.543391
0.175553
-0.343188
-1.11768
-0.0255761
0.0400051
-0.600739
1.48059
-0.545675
-1.04814
0.428466
0.193666
-0.127523
0.00180281
-0.307232
0.218454
-0.123693
0.309734
0.289771
-0.726818
0.265046
0.306617
-0.787661
-0.837255
-0.446372
-0.961471
-0.00150687
1.56712
0.0491088
0.764953
-0.900282
-1.22607
-0.0819969
0.511538
-0.327192
0.100055
-0.0119756
-0.165421
-0.503463
-0.130118
0.996395
-0.16184
0.76605
-0.817713
0.12503
0.0146932
-0.148988
-0.690725
