0.4316
0.3789
0.4203
0.3268
0.2499
0.2508
0.3378
0.2517
0.2763
0.2618
0.2651
0.2495
0.3267
0.3009
0.264
0.2499
0.2653
0.3167
0.2692
0.3429
0.3054
0.3653
0.2557
0.2612
0.2505
0.3236
0.2627
0.2673
0.2574
0.2657
0.2542
0.3515
0.2532
0.2698
0.2548
0.2665
0.2673
0.2665
0.3119
0.2472
0.264
0.2491
0.2581
0.2492
0.3924
0.2511
0.2851
0.5294
0.4122
0.3782
0.3348
0.8867
0.4109
0.9336
0.4052
0.4055
0.4372
0.5287
0.3747
0.3804
0.4003
0.5756
0.3894
0.4977
0.3363
0.4893
0.4303
0.4472
0.4336
0.4454
0.5316
0.4459
0.4448
0.4468
0.4082
0.4371
0.5161
0.4005
0.4278
0.4185
0.7293
0.4376
0.8114
1.435
0.4554
0.4529
0.459
0.5074
0.385
0.3523
0.3351
0.2619
0.2791
0.2848
0.3862
0.3256
0.267
0.2607
0.2595
0.2723
0.4217
0.4231
0.4969
0.4408
0.4426
0.4242
0.4384
0.4323
0.5151
0.4115
0.4316
0.4397
0.4387
0.3144
0.4215
0.4333
0.487
0.7192
0.4424
0.4657
0.4237
0.5222
0.4209
0.3101
0.2795
0.2671
0.3061
0.37
0.2604
0.2631
0.3053
0.2867
0.2677
0.3733
0.4571
0.2765
0.2648
0.4248
0.4432
0.438
0.5177
0.4396
0.4212
0.433
0.433
0.4329
0.4117
0.3547
0.281
0.2607
0.2814
0.2611
0.2705
0.3298
0.2717
0.2602
0.273
0.4092
0.5147
0.6137
0.4865
0.4559
0.5132
0.4746
0.6506
0.4675
0.5808
0.4821
0.4037
0.4302
0.497
0.4376
0.4956
0.4273
0.4296
0.4261
0.4071
0.4236
0.2693
0.3398
0.2763
0.2615
0.2799
0.2617
0.273
0.3154
0.2808
0.3379
0.275
0.2606
0.2705
0.3246
0.2727
0.3614
0.4081
0.3528
0.2669
0.3135
0.4384
0.4948
0.2932
0.3259
0.4025
0.4427
0.5712
0.4186
0.424
0.4225
0.4259
0.4505
0.464
0.5074
0.4275
0.4323
0.4268
0.4263
0.4243
0.516
0.4414
0.4385
0.4228
0.4402
0.443
0.5235
0.4486
0.4387
0.4389
0.4484
0.4455
0.4251
0.4145
0.2769
0.3029
0.2974
0.323
0.3269
0.4054
0.4161
0.4627
0.4858
0.744
0.4689
0.4885
0.5472
0.4591
0.4605
0.4523
0.4703
0.4657
0.5643
0.4706
0.4689
0.4507
0.4512
0.4597
0.5443
0.4647
0.4551
0.4721
0.4685
0.4933
0.4616
0.5874
0.3124
0.2694
0.31
0.2907
0.2683
0.3515
0.2644
0.2724
0.2704
0.3368
0.378
0.4086
0.4675
0.4586
0.3794
0.4111
0.4194
0.2812
0.449
0.4331
0.2727
0.2733
0.2612
0.3079
0.3189
0.2737
0.2603
0.296
0.3334
0.3554
0.3201
0.338
0.4102
0.4013
0.3898
0.3723
0.3219
0.4161
0.3554
0.3161
0.4167
0.4063
0.4151
0.3219
0.3204
0.2671
0.2609
0.2597
0.2597
0.2714
0.3128
0.2626
0.2673
0.2601
0.2607
0.2642
0.4329
0.3772
0.3755
0.2827
0.286
0.3229
0.2745
0.3285
0.2819
0.302
0.3895
0.4154
0.3557
0.3334
0.2678
0.272
0.26
0.2786
0.3269
0.2802
0.321
0.2737
0.2597
0.2737
0.2645
0.2609
0.3221
0.2599
0.2957
0.2616
0.2717
0.2789
0.362
0.3708
0.5255
0.3894
0.3525
0.4014
0.4402
0.5182
0.4323
0.4251
0.4213
0.4364
0.4797
0.4715
0.4584
0.5185
0.46
0.4894
0.3685
0.3926
0.483
0.4593
0.4688
0.4693
0.4619
0.4527
0.5252
0.4585
0.4657
0.4627
0.4604
0.4454
0.5434
0.4605
0.4612
0.6399
0.2746
0.3018
0.2618
0.3351
0.267
0.2741
0.2601
0.2725
0.2659
0.3298
0.2612
0.2815
0.2612
0.2707
0.259
0.2777
0.3132
0.2756
0.2674
0.2809
0.3171
0.3916
0.564
0.5337
0.4552
0.4956
0.4643
0.4676
0.54
0.4603
0.4331
0.4825
0.4561
0.4629
0.4567
0.526
0.459
0.7442
0.3905
0.3122
0.415
0.5224
0.4402
0.45
0.4355
0.4254
0.436
0.4462
0.5128
0.4228
0.4314
0.433
0.4329
0.4337
0.5006
0.4408
0.3815
0.3395
0.294
0.2897
0.3674
0.2673
0.2649
0.2701
0.2925
0.4058
0.4214
0.4832
0.4189
0.4095
0.421
0.448
0.4431
0.4843
0.3631
0.4285
0.2633
0.2928
0.262
0.3705
0.3488
0.2637
0.2656
0.264
0.2614
0.2778
0.3163
0.272
0.261
0.2881
0.4259
0.4284
0.505
0.4332
0.4365
0.4166
0.4164
0.4371
0.4403
0.5562
0.3752
0.3405
0.2944
0.3605
0.2791
0.3987
0.2998
0.2687
0.27
0.2708
0.2777
0.2656
0.3762
0.2694
0.27
0.2961
0.2926
0.2817
0.3855
0.4471
0.4642
0.4617
0.4679
0.4646
0.4318
0.2792
0.2711
0.2834
0.2658
0.2803
0.2762
0.3862
0.2598
0.272
0.2743
0.2634
0.2734
0.3295
0.2749
0.26
0.2914
0.2659
0.2757
0.2835
0.3568
0.2625
0.2782
0.2667
0.323
0.44
0.4269
0.3548
0.2955
0.3291
0.2773
0.2884
0.4136
0.2902
0.2845
0.2619
0.2587
0.2709
0.2702
0.3252
0.2598
0.3107
0.4617
0.4642
0.4532
0.5651
0.4522
0.4539
0.4534
0.4447
0.4663
0.4631
0.5514
0.4188
0.3986
0.4121
0.417
0.4299
0.4933
0.4086
0.3111
0.2667
0.2727
0.2603
0.3599
0.2607
0.2736
0.2758
0.3833
0.4105
0.4076
0.5796
0.3756
0.3833
0.4311
0.4149
0.3612
0.3681
0.2612
0.2694
0.264
0.2482
0.2494
0.2671
0.3944
0.2494
0.2697
0.2476
0.2587
0.2506
0.3298
0.2489
0.2492
0.267
0.249
0.2594
0.3121
0.2675
0.2494
0.2599
0.249
0.2656
0.2595
0.3232
0.2605
0.3076
0.3587
0.3495
0.356
0.4229
0.3779
0.3752
0.3782
0.3606
0.3735
0.3781
0.4242
0.3779
0.3027
0.2797
0.3681
0.3802
0.4614
0.317
0.3398
0.3514
0.2571
0.2823
0.3109
0.2917
0.2497
0.2815
0.2565
0.28
0.2502
0.3301
0.2501
0.2666
0.2633
0.2587
0.2694
0.432
0.2846
0.2694
0.2637
0.2863
0.2816
0.3395
0.3355
0.2546
0.2793
0.25
0.2801
0.2541
0.3297
0.2495
0.2896
0.2497
0.3084
0.2495
0.3313
0.2486
0.2728
0.2479
0.2591
0.2546
0.2606
0.3002
0.2582
0.2557
0.2582
0.2849
0.3422
0.4039
0.4031
0.4328
0.4019
0.6006
0.2626
0.2705
0.3818
0.2634
0.2512
0.2586
0.2507
0.2679
0.3038
0.2599
0.2483
0.2599
0.2519
0.2582
0.3064
0.2623
0.2524
0.26
0.2499
0.262
0.2491
0.318
0.2485
0.2516
0.2576
0.2473
0.2566
0.3039
0.261
0.2491
0.2773
0.2864
0.3236
0.3624
0.3051
0.2666
0.2492
0.2487
0.2584
0.2501
0.315
0.248
0.2621
0.2487
0.258
0.2481
0.3196
0.2482
0.3243
0.4324
0.3538
0.3177
0.326
0.3824
0.2652
0.261
0.2583
0.2635
0.2919
0.3812
0.2571
0.2738
0.2598
0.2539
0.2838
0.2618
0.3699
0.2533
0.2749
0.2501
0.2656
0.2536
0.3363
0.2561
0.2655
0.2573
0.2635
0.2519
0.3538
0.2672
0.2667
0.2505
0.2652
0.2503
0.2497
0.34
0.2518
0.2661
0.2556
0.262
0.2642
0.3252
0.251
0.264
0.2486
0.2657
0.2553
0.2922
0.3354
0.2605
0.2514
0.2653
0.2522
0.2718
0.487
0.3985
0.3042
0.312
0.2894
0.2644
0.4048
0.2621
0.2497
0.2526
0.25
0.2655
0.2726
0.3079
0.2719
0.2509
0.2622
0.2508
0.2657
0.3039
0.2605
0.2485
0.2634
0.2484
0.2629
0.2567
0.3248
0.2489
0.2575
0.2539
0.2586
0.2493
0.316
0.2486
0.2605
0.2491
0.2539
0.2587
0.3005
0.2573
0.2551
0.2587
0.2491
0.2596
0.2558
0.31
0.2482
0.2629
0.285
0.3003
0.2502
0.3247
0.2471
0.2604
0.2764
0.4121
0.414
0.41
0.4857
0.4232
0.419
0.4499
0.4283
0.405
0.5176
0.4252
0.4129
0.3913
0.4117
0.4123
0.4985
0.4188
0.397
0.408
0.4101
0.4119
0.3952
0.3899
0.2492
0.2665
0.2543
0.2804
0.2498
0.3234
0.2696
0.2601
0.2498
0.2632
0.2485
0.2597
0.3036
0.3003
0.2491
0.2587
0.2492
0.2554
0.3158
0.2491
0.3498
0.2927
0.249
0.253
0.3102
0.2491
0.2494
0.3377
0.2911
0.2741
0.2934
0.3491
0.3219
0.385
0.3894
0.2502
0.2799
0.3125
0.2966
0.2526
0.2609
0.2493
0.2932
0.2535
0.321
0.2487
0.2938
0.2506
0.2578
0.2503
0.323
0.249
0.2485
0.2577
0.2522
0.2584
0.2993
0.2612
0.2491
0.2603
0.2482
0.2621
0.2497
0.3153
0.2499
0.2587
0.2498
0.2575
0.2481
0.3148
0.2491
0.2586
0.2514
0.2594
0.2481
0.2501
0.4499
0.2507
0.2497
0.2615
0.249
0.2488
0.3094
0.2563
0.248
0.2484
0.2738
0.2547
0.3613
0.2526
0.3296
0.2751
0.2848
0.2713
0.2627
0.3017
0.2716
0.2557
0.2486
0.2658
0.2571
0.3133
0.2483
0.2578
0.262
0.2594
0.2488
0.2599
0.3319
0.2691
0.2577
0.2712
0.2484
0.2594
0.3008
0.2737
0.2488
0.259
0.2549
0.2585
0.3003
0.2583
0.2553
0.2578
0.2485
0.2589
0.2577
0.3105
0.2605
