-0.658018
0.747257
0.252871
-0.483038
-0.0267877
0.160186
-0.224895
0.303255
0.685035
-0.126263
-0.144499
0.543699
-0.0285497
-0.453141
-0.0964984
-0.175381
-0.0330721
0.261156
-0.00412718
0.0389889
0.383716
-0.154515
0.0599684
0.118264
-0.162807
0.560135
-0.19452
-0.450376
0.302785
-0.0228431
-0.449552
-0.0462363
-0.465997
-0.107971
-0.196546
0.440921
0.518137
0.178656
0.194763
0.225355
0.283749
-0.018733
-0.119392
0.217261
-0.482733
0.0765097
0.356019
-0.17583
0.102855
-0.241525
0.316197
-0.0405051
-0.0559264
0.0841342
-0.139856
-0.05695
-0.186233
-0.0384575
0.482502
0.0103429
0.0692873
-0.073521
0.0349573
-0.0147571
0.00474827
-0.208012
0.281164
-0.0639904
-0.135713
-0.192575
0.10677
-0.190128
-0.52444
-0.0235127
0.158335
0.0258937
-0.0439953
0.0205446
-0.19713
-0.250549
0.104028
0.0457729
0.369036
-0.0868956
-0.0699699
0.13902
-0.126829
0.425635
0.00876656
0.0634403
0.00265715
0.0512192
-0.670197
-0.41954
0.140488
-0.0566368
0.0103027
-0.255217
-0.250495
0.680434
0.237814
-0.181259
-0.692413
-0.0290558
-0.300794
-0.069844
-0.243105
-0.213888
0.135009
-0.0209633
-0.529283
-0.713796
-0.61402
-0.481213
-0.0492271
-0.208488
0.705498
0.250233
-0.605123
0.7087
0.0902168
0.0510874
0.176643
0.549847
-0.0969842
0.52092
0.0909503
0.263799
-0.384773
-0.421926
0.088147
0.24659
0.302565
0.0772137
-0.605959
0.104426
0.0421004
-0.149509
0.414427
0.197825
-0.53574
-0.287014
0.248125
-0.17252
0.166515
0.187212
-0.176354
0.2116
-0.0881399
0.755986
0.229062
-0.274906
-0.0716222
-0.17524
0.122613
0.0796202
-0.247275
0.495715
0.121156
-0.235584
0.64148
-0.423027
-0.114545
-0.309525
0.112155
0.0760507
-0.136751
0.0650669
0.013733
-0.422936
0.214419
-0.0269642
-0.212187
0.333212
-0.0608315
-0.462021
-0.18626
-0.0981669
-0.563541
0.43651
0.380678
-0.09678
-0.262518
0.0280767
-0.343015
0.370831
0.158234
-0.0159914
1.15212
0.172172
0.421947
0.0357936
-0.368159
0.959871
0.487271
-0.532126
-0.156475
0.32665
-0.162864
0.47751
-0.316215
-0.150413
-0.24869
-0.407659
-0.168486
-0.249208
0.17494
-0.445417
0.0448837
0.920863
-0.587998
0.476512
-0.181778
-0.317352
-0.135471
0.46233
0.0078308
0.00409138
-0.971607
-0.436371
0.475774
0.983125
0.0390722
0.00108039
0.321957
-0.838236
0.187704
-0.0613783
-0.289786
0.334551
0.100391
-0.165448
-0.0420673
0.534306
0.416896
-0.340048
-0.100618
-0.372812
0.0743284
0.553999
-0.117057
-0.184063
0.502471
-0.154667
0.373455
0.217745
0.0477147
-0.453441
0.0661849
0.149476
-0.23069
-0.433794
-0.0705849
-0.092926
-0.384946
0.0325646
0.243463
0.170339
0.733823
-0.106887
-0.396406
-0.300513
-0.146723
0.0580754
0.140161
0.397038
0.017236
0.119446
-0.240836
-0.251541
-0.158708
0.0708651
0.323824
-0.034461
-0.0643383
-0.786581
0.277302
0.263093
0.101325
-0.0776102
0.21088
-0.441194
-0.0117929
0.221521
0.280932
-0.760061
-0.314901
-0.478335
-0.0605911
-0.429912
0.16369
-0.129043
0.106611
0.32252
-0.515843
-0.222294
-0.190181
-0.285001
-0.0439879
-0.456757
0.158643
0.0085464
-0.168261
0.0355579
-0.099411
-0.10356
-0.259394
0.695237
0.196471
-0.246465
0.520029
-0.0416988
0.070958
0.199372
-0.559345
0.587275
-0.278286
0.241612
-0.864487
-0.0412071
-0.353634
-0.418639
-0.157779
-0.455531
-0.276485
0.11861
0.0171897
-0.470453
0.275437
-0.0455108
-0.120248
-0.546951
-0.649108
-0.452625
-0.999495
-0.258689
-1.01117
0.0226421
-0.311651
0.29724
0.373664
-0.166194
0.215907
-0.290092
0.131072
-0.104979
-0.599625
-0.47398
-0.811264
0.353948
0.145807
0.127866
0.07977
0.0157877
0.451875
0.113453
-0.339508
-0.35501
-0.122832
-0.562381
-0.140205
0.105031
-0.309916
-0.0802375
-0.352648
0.291686
-0.176954
0.967881
0.29191
-0.455514
0.863688
0.165115
-0.490968
-0.299499
0.110705
-0.572179
-0.138096
0.031231
0.394634
0.350179
-0.264698
-0.0313281
0.24007
0.0693372
0.34365
-0.229136
-0.468203
0.672444
-0.0159044
0.169485
0.246793
-0.247962
-0.0756196
-0.0721031
-0.128088
-0.247757
-0.16578
0.339874
-0.340259
-0.0842174
-0.257265
0.263967
0.312179
0.0296148
-0.158471
0.0949903
-0.568809
0.116479
0.132153
0.0545049
0.887907
-0.214189
0.0746956
0.699374
0.276207
0.0420374
-0.358643
-0.143305
-0.260332
-0.0492018
-0.0269165
-0.421022
-0.162729
0.20994
0.312484
-0.10234
0.0138622
-0.393995
-0.613191
0.178923
-0.479418
-0.338149
-0.0185586
-0.321093
0.0383388
0.0806477
-0.49147
0.746983
-0.00745817
-0.487606
0.0284833
-0.342801
-0.194658
0.467399
0.210402
0.473811
0.417776
0.0912234
-0.393009
0.329818
-0.632629
0.0479349
-0.173852
-0.0150471
-0.037872
-0.634353
0.872745
-0.310575
0.597218
-0.16983
-0.218298
0.056316
0.120789
0.437072
-0.674397
-0.170753
0.540556
-0.599838
0.72891
0.00165064
0.180033
0.143471
0.202495
0.937573
-0.41386
-0.109112
-0.0215617
-0.194593
-0.512288
0.199623
0.286058
0.210827
0.15385
0.152256
0.26941
-0.107126
-0.353568
-0.227225
0.00107993
0.0994107
-0.0243706
-0.159037
0.156532
0.829477
-0.210882
-0.218826
-0.0548021
-0.266918
0.194899
0.240329
0.260748
-0.241695
0.0105081
0.456464
0.176325
0.406138
-0.125082
-0.550082
-0.00155286
0.227861
-0.0661088
0.422493
-0.194135
-0.120121
-0.192652
0.251104
0.299675
0.470923
-0.0620398
-0.230791
0.196608
-0.125551
0.023972
0.463119
-0.074882
0.394447
0.319297
-0.616826
-0.323688
-0.173794
-0.538214
-0.541305
-0.499084
0.167859
-0.348735
0.178889
-0.463591
-0.0829121
0.395546
-0.911068
0.171131
0.227515
0.24221
-0.515593
0.0549707
0.254735
-0.514138
-0.37251
-0.753422
0.314991
0.165108
-0.252203
-0.147884
-0.429746
0.11659
0.493546
0.00921167
0.0749566
-0.518661
-0.062641
0.014365
-0.155247
0.628761
-0.181755
0.0528503
-0.0134397
0.257382
0.358457
0.165541
0.0346443
-0.0408448
-0.242033
0.0545811
-0.096833
-0.384718
-0.387808
-0.302723
0.86158
0.0176481
0.726532
0.161641
0.680094
0.0421572
0.359699
0.314034
0.151845
-0.0678836
0.745336
0.137877
-0.507235
0.0304603
-0.210177
-0.342524
0.235338
-0.75746
0.122396
-0.0285319
-0.245416
-0.35975
-0.0138398
0.152817
0.300789
0.148523
-0.05488
-0.351317
-1.08348
-0.372315
-0.0700556
-0.069198
-0.212213
0.374908
0.0305597
-0.164862
0.131478
0.0181075
-0.158721
0.557437
0.00144799
-0.986388
-0.106875
0.127148
-0.632022
0.564143
0.00645967
-0.583336
-0.105485
0.143469
-0.0449438
-0.160313
-0.0234363
-0.30664
-0.256915
0.399219
0.022146
0.0660571
0.218479
-0.169567
0.120055
-0.107209
0.175721
0.130105
0.583537
-0.0784708
-0.234512
-0.010112
0.315388
0.259688
-0.073025
-0.0841408
0.0929345
0.165475
0.481984
0.588649
-0.0566427
-0.254302
0.314033
0.175189
-0.376477
0.0859263
0.0175645
-0.0998459
0.0636077
-0.503512
0.279056
0.165945
0.017727
0.133763
-0.41796
-0.705824
0.38472
-0.0218823
-0.15674
-0.235801
-0.0994328
-0.0114885
0.47519
0.309477
0.295785
-0.515822
-0.211202
-0.299882
0.480604
0.687798
-0.317302
0.150849
0.31651
-0.264843
0.395575
0.0400023
0.74416
0.0510126
0.728577
-0.216078
-0.22899
0.186634
-0.318227
-0.357408
-0.209069
-0.462214
-0.475029
-0.602138
0.349981
0.352881
-0.0467729
-0.120508
0.0287018
0.157022
0.0321565
0.433583
-0.265033
0.210823
-0.0297231
0.0886364
-0.616183
-0.837828
0.912002
0.201911
0.665457
0.576617
-0.483723
0.428169
-0.787088
-0.405525
0.204912
-0.21083
-0.327238
0.146493
0.0658521
-0.196865
0.635881
-0.448721
0.155597
0.291979
0.305523
-0.0313268
0.37208
-0.132275
0.451578
0.112405
0.597518
-0.524243
-0.434114
0.156719
0.104904
0.00611731
-0.318038
0.249645
-0.00355319
-0.0660802
-0.564238
-0.0225668
0.641427
-0.48811
-0.213437
-0.310621
-0.220491
0.423848
-0.177147
0.102663
-0.131481
-0.24569
0.136403
0.175457
-0.200409
0.559498
0.790099
0.254346
-1.14196
-0.408172
0.0854694
0.915853
0.239276
-0.210753
-0.73135
0.186027
-0.170073
-0.263572
-0.109835
0.131231
0.463122
0.0474823
-0.1811
-0.30559
0.116318
-0.112052
-0.0542082
-0.301912
0.257505
-0.293401
-0.458128
-0.304354
0.196773
0.395308
0.0184202
-0.250277
-0.456986
0.355263
-0.0845414
-0.234265
0.192972
0.00533422
0.469754
0.537886
-0.210382
0.575565
-0.238002
0.443368
0.150465
-0.284565
-0.42158
0.217765
0.392349
-0.174492
0.530152
0.296122
0.438643
-0.291996
0.0427298
0.0998714
-0.128169
-0.396143
-0.375075
-0.627876
-0.372859
-0.208385
-0.272818
-0.162238
0.1523
0.203748
-0.364058
0.0534889
0.0709767
0.449897
-0.639997
-0.0190803
-0.0262369
0.0299163
-0.220632
-0.196388
0.318898
-0.289603
0.154331
0.15271
0.169654
-0.519047
0.97662
-0.0541928
0.00696732
-0.41486
0.367258
0.103301
0.170684
-0.196042
-0.0144682
-0.66496
0.272247
0.144409
-0.258368
-0.376001
-0.0314472
-0.45043
0.0983867
0.242623
0.176186
-0.0564252
0.0283863
0.490492
0.31444
-0.00678353
0.273133
0.816393
-0.168352
0.105403
-0.166424
-0.179086
-0.0794963
-0.0564222
0.437375
-0.273788
0.933822
0.298287
0.196927
-0.285071
0.193502
-0.934374
-0.657567
-0.140037
0.35274
-0.214434
-0.13401
-0.00346326
-0.221886
-0.332384
0.0508969
0.469111
-0.0591891
0.358773
0.695061
0.366273
-0.415556
0.452797
0.330315
-0.223834
0.357524
0.0874072
0.620841
0.187762
0.115127
0.0146927
-0.0943105
0.250797
0.338037
-0.288451
0.318188
-0.0699691
0.375916
-0.0181074
-0.112069
0.219677
-0.376748
-0.299964
-0.173771
0.641447
0.0845791
-0.211361
0.596955
0.194264
0.468134
0.274145
-0.321996
-0.445592
-0.0645608
0.838594
-0.0409621
0.0281554
-0.173543
0.312943
-0.238303
-0.0142798
0.309194
0.632761
-0.0617324
0.382888
0.372956
0.0585902
-0.0011532
-0.323622
0.982631
0.33912
-0.289358
-0.373426
-0.191608
0.205905
0.249282
-0.160761
-0.0124626
-0.0200255
0.191913
0.263616
-0.626858
-0.0334056
0.345804
0.0972881
-0.612666
0.582045
-0.154031
0.0410985
0.879278
0.704711
-0.459009
0.105052
-0.200339
0.800625
-0.432255
0.0912598
0.009414
0.548924
0.317315
0.591728
-0.521034
-0.00198585
-0.0977179
0.306139
-0.0221896
0.702826
0.262774
-0.296901
0.476461
0.333225
0.170839
-0.427494
-0.397603
-0.008883
0.418599
-0.235846
0.497993
0.390984
0.366713
-0.112294
0.237142