-0.363074 0.533627
-0.117346 0.829214
-0.935762 0.285124
0.0869631 0.829214
-0.099702 0.829214
-0.853116 0.285124
0.0375417 0.829214
0.045468 0.829214
-0.557154 0.533627
0.0457592 0.829214
-0.643405 0.285124
-0.357962 0.533627
0.279571 0.554553
0.263417 0.554553
-0.964741 0.0994011
-0.372624 0.533627
-0.3161 0.533627
0.424245 0.554553
0.431214 0.554553
-1.45695 0.0340056
0.453048 0.554553
-0.641793 0.285124
0.525223 0.554553
-0.577974 0.285124
0.184137 0.829214
-0.283431 0.533627
-0.1547 0.829214
-1.18752 0.0994011
-0.332587 0.533627
-0.736489 0.285124
-0.967285 0.0994011
0.0915603 0.829214
-0.0680699 0.829214
0.175144 0.829214
0.186885 0.829214
-0.305969 0.533627
-0.161046 0.829214
0.908061 0.183107
-0.147181 0.829214
-0.293891 0.533627
-0.263435 0.533627
0.548095 0.554553
-0.134187 0.829214
-1.24847 0.0994011
-0.78892 0.285124
0.102784 0.829214
-0.159128 0.829214
-0.105085 0.829214
-0.231567 0.533627
0.421007 0.554553
0.232767 0.554553
-0.987797 0.0994011
-0.324089 0.533627
-0.113849 0.829214
-0.895997 0.285124
0.875182 0.183107
-0.115587 0.829214
0.579194 0.183107
0.447219 0.554553
-0.895822 0.285124
-0.461418 0.533627
-0.00929325 0.829214
-0.825236 0.285124
0.577603 0.183107
-0.721251 0.285124
0.30698 0.554553
0.624203 0.183107
-0.94434 0.285124
0.74794 0.183107
1.00979 0.0758587
0.323877 0.554553
0.348151 0.554553
-0.253923 0.533627
-0.243624 0.533627
-0.267809 0.533627
-0.0640884 0.829214
-0.693829 0.285124
0.312536 0.554553
-0.970839 0.0994011
-0.114779 0.829214
0.384857 0.554553
1.96245 0
0.383841 0.554553
0.209277 0.554553
-0.196542 0.533627
-0.286897 0.533627
0.145373 0.829214
-0.431859 0.533627
-0.23494 0.533627
0.224187 0.554553
-0.443725 0.533627
0.0701773 0.829214
0.1715 0.829214
-0.587326 0.285124
-0.04877 0.829214
-0.658097 0.285124
-0.372909 0.533627
0.448173 0.554553
-0.398983 0.533627
0.136211 0.829214
-0.345158 0.533627
-1.28255 0.0994011
-0.333737 0.533627
0.00308186 0.829214
0.287531 0.554553
1.18893 0.0758587
-0.854215 0.285124
0.499002 0.554553
0.0786707 0.829214
-0.167411 0.829214
0.790408 0.183107
-0.753152 0.285124
-0.350979 0.533627
-0.885969 0.285124
0.130849 0.829214
0.133804 0.829214
-0.417648 0.533627
-0.125189 0.829214
-0.131781 0.829214
-0.25678 0.533627
0.0868156 0.829214
-0.973742 0.0994011
0.485018 0.554553
0.233107 0.554553
-0.454795 0.533627
0.19107 0.554553
-0.317197 0.533627
0.246312 0.554553
0.0532742 0.829214
-0.197699 0.533627
0.13945 0.829214
0.237732 0.554553
-0.419915 0.533627
0.0200861 0.829214
0.601701 0.183107
0.408165 0.554553
0.00187243 0.829214
-0.419481 0.533627
0.142086 0.829214
0.621432 0.183107
-0.489732 0.533627
0.222936 0.554553
0.104053 0.829214
0.6988 0.183107
0.033735 0.829214
-0.83377 0.285124
-0.117259 0.829214
0.32333 0.554553
-0.210547 0.533627
0.24141 0.554553
0.230831 0.554553
-0.0237276 0.829214
-0.000734366 0.829214
0.0822729 0.829214
-0.247978 0.533627
-0.590635 0.285124
0.06727 0.829214
-0.648268 0.285124
-0.130876 0.829214
0.130515 0.829214
-0.0336465 0.829214
-0.666613 0.285124
-0.812813 0.285124
-0.570731 0.533627
0.179869 0.829214
-0.230397 0.533627
0.0647254 0.829214
0.317234 0.554553
-0.663008 0.285124
-1.18345 0.0994011
1.65989 0.0130791
-0.704191 0.285124
1.02232 0.0758587
0.462107 0.554553
1.30565 0.0758587
-0.308571 0.533627
-0.0882187 0.829214
0.268411 0.554553
0.537852 0.554553
0.089325 0.829214
0.823533 0.183107
0.518498 0.554553
0.691814 0.183107
0.243047 0.554553
0.341478 0.554553
-0.96596 0.0994011
0.994413 0.0758587
-0.506417 0.533627
0.0680606 0.829214
-0.296796 0.533627
0.401057 0.554553
0.332323 0.554553
-0.754941 0.285124
-0.685015 0.285124
-0.0958187 0.829214
0.128851 0.829214
0.335579 0.554553
0.00861037 0.829214
-0.382456 0.533627
-0.644917 0.285124
0.837769 0.183107
0.653645 0.183107
0.100141 0.829214
0.702172 0.183107
0.251211 0.554553
0.432566 0.554553
-0.488437 0.533627
-0.239536 0.533627
-0.370452 0.533627
0.236478 0.554553
-0.727194 0.285124
-0.266725 0.533627
-0.116711 0.829214
0.190952 0.554553
0.377731 0.554553
-0.156295 0.829214
-0.155253 0.829214
-0.0512729 0.829214
0.03702 0.829214
-1.12452 0.0994011
-1.4444 0.0340056
-0.387954 0.533627
0.282654 0.554553
-0.0192288 0.829214
-0.900085 0.285124
0.0386936 0.829214
0.652031 0.183107
-1.16666 0.0994011
-0.264019 0.533627
-0.987927 0.0994011
-0.162247 0.829214
-0.379651 0.533627
0.00064835 0.829214
0.020419 0.829214
-0.60891 0.285124
0.163642 0.829214
-0.14356 0.829214
0.483574 0.554553
-1.4072 0.0340056
0.508566 0.554553
-0.0917506 0.829214
0.0261235 0.829214
-0.33579 0.533627
0.552109 0.554553
-1.12113 0.0994011
-0.160379 0.829214
0.19133 0.554553
0.434527 0.554553
0.222482 0.554553
-0.0700218 0.829214
-0.169827 0.829214
0.380763 0.554553
-0.592467 0.285124
-0.96686 0.0994011
0.257005 0.554553
-0.432451 0.533627
0.539697 0.554553
-0.386311 0.533627
0.394584 0.554553
-0.056402 0.829214
-0.0903069 0.829214
-0.300211 0.533627
-0.524114 0.533627
1.52416 0.0130791
-0.0175616 0.829214
0.548299 0.554553
1.07452 0.0758587
0.226731 0.554553
-0.593479 0.285124
0.695018 0.183107
-0.0990052 0.829214
-0.097037 0.829214
0.322399 0.554553
0.223282 0.554553
0.172021 0.829214
-1.27897 0.0994011
0.797055 0.183107
0.421159 0.554553
-0.804558 0.285124
-0.191895 0.829214
0.131478 0.829214
0.273536 0.554553
-0.0141943 0.829214
0.108718 0.829214
0.274789 0.554553
-0.337448 0.533627
-0.557155 0.533627
-0.0893555 0.829214
0.773138 0.183107
1.1485 0.0758587
0.062009 0.829214
0.76191 0.183107
0.367012 0.554553
-0.411169 0.533627
-0.322982 0.533627
-0.0553397 0.829214
-0.0691535 0.829214
-0.0733127 0.829214
-1.0024 0.0994011
-0.509234 0.533627
-0.788366 0.285124
-1.02611 0.0994011
-0.59324 0.285124
-0.331987 0.533627
-0.54183 0.533627
0.136249 0.829214
0.384279 0.554553
-0.0491333 0.829214
0.250877 0.554553
0.0475538 0.829214
-0.119036 0.829214
0.539402 0.554553
-0.186385 0.829214
0.399253 0.554553
0.309462 0.554553
0.513947 0.554553
-0.0355256 0.829214
-0.227306 0.533627
0.000895279 0.829214
0.172547 0.829214
0.628617 0.183107
0.320077 0.554553
0.268911 0.554553
-0.0793547 0.829214
-0.956371 0.285124
0.432402 0.554553
0.639916 0.183107
0.576392 0.183107
0.0580323 0.829214
-0.30578 0.533627
0.547308 0.554553
0.566523 0.554553
-0.195762 0.533627
-0.185964 0.829214
0.0815284 0.829214
-1.0705 0.0994011
0.8356 0.183107
-0.101398 0.829214
0.0237807 0.829214
-1.17925 0.0994011
-0.327286 0.533627
1.24241 0.0758587
-0.595432 0.285124
-0.367624 0.533627
0.162062 0.829214
-0.306708 0.533627
-0.851913 0.285124
0.387526 0.554553
0.564933 0.554553
0.521947 0.554553
0.0622996 0.829214
-0.479744 0.533627
-0.772759 0.285124
-0.0637114 0.829214
0.619366 0.183107
0.273677 0.554553
0.409063 0.554553
-0.297252 0.533627
-0.395296 0.533627
0.103623 0.829214
1.17969 0.0758587
1.01993 0.0758587
-0.439557 0.533627
0.482816 0.554553
-0.107233 0.829214
0.0798213 0.829214
-0.275346 0.533627
0.0734324 0.829214
-0.275821 0.533627
0.0504804 0.829214
0.64592 0.183107
0.172979 0.829214
-0.684141 0.285124
-0.20069 0.533627
-0.354594 0.533627
-0.351005 0.533627
-1.04909 0.0994011
-0.0811131 0.829214
-0.0669992 0.829214
-0.0806635 0.829214
0.23379 0.554553
-0.0266987 0.829214
1.01078 0.0758587
-0.111683 0.829214
-0.171494 0.829214
0.856422 0.183107
-0.407846 0.533627
-0.890189 0.285124
-0.268916 0.533627
0.114654 0.829214
-0.694971 0.285124
-0.145334 0.829214
-0.0304449 0.829214
-0.29196 0.533627
0.0895388 0.829214
0.353444 0.554553
0.850576 0.183107
-0.744233 0.285124
0.842716 0.183107
0.581415 0.183107
0.429936 0.554553
0.537642 0.554553
-0.0490193 0.829214
0.894076 0.183107
-1.03859 0.0994011
0.361971 0.554553
-0.0214058 0.829214
1.14757 0.0758587
0.396622 0.554553
-0.48561 0.533627
0.233784 0.554553
-0.297693 0.533627
0.415914 0.554553
0.169677 0.829214
-0.194593 0.533627
0.128451 0.829214
-0.122041 0.829214
1.12942 0.0758587
-1.4569 0.0340056
0.134081 0.829214
-0.155966 0.829214
-0.349899 0.533627
-0.0252506 0.829214
-0.310869 0.533627
-0.324014 0.533627
-0.169571 0.829214
0.132165 0.829214
0.214659 0.554553
-0.140891 0.829214
-0.0310705 0.829214
0.428021 0.554553
0.183633 0.829214
-0.00439257 0.829214
-0.131401 0.829214
0.26694 0.554553
-0.407577 0.533627
-0.807738 0.285124
-0.844147 0.285124
0.326592 0.554553
0.749812 0.183107
0.274752 0.554553
0.134695 0.829214
0.0264056 0.829214
-0.017578 0.829214
1.13071 0.0758587
-0.918093 0.285124
0.466119 0.554553
-0.285584 0.533627
0.675743 0.183107
-0.318564 0.533627
0.999967 0.0758587
-0.12181 0.829214
-0.613256 0.285124
0.348649 0.554553
-0.935214 0.285124
0.164402 0.829214
0.0841212 0.829214
1.06729 0.0758587
-0.606655 0.285124
0.487073 0.554553
0.623282 0.183107
-0.715326 0.285124
0.325712 0.554553
0.763005 0.183107
0.387039 0.554553
0.209021 0.554553
-0.44842 0.533627
0.0999799 0.829214
0.192602 0.554553
-0.629559 0.285124
-0.211679 0.533627
0.524819 0.554553
0.0754812 0.829214
-0.327868 0.533627
0.40446 0.554553
0.060821 0.829214
-0.171795 0.829214
-0.701516 0.285124
0.101782 0.829214
0.0821959 0.829214
-0.121681 0.829214
-0.831415 0.285124
0.688637 0.183107
0.0172691 0.829214
-0.217635 0.533627
-0.11751 0.829214
-0.238793 0.533627
-0.0917339 0.829214
0.065988 0.829214
0.0365437 0.829214
0.391168 0.554553
-0.229366 0.533627
-0.197081 0.533627
0.168202 0.829214
-0.251473 0.533627
0.441516 0.554553
-0.204932 0.533627
-0.286674 0.533627
1.26447 0.0758587
0.375958 0.554553
0.345244 0.554553
0.653895 0.183107
-0.173998 0.829214
-0.133971 0.829214
-0.584358 0.285124
0.418014 0.554553
0.184675 0.829214
-0.322044 0.533627
-0.647678 0.285124
-0.391952 0.533627
0.385918 0.554553
-0.477856 0.533627
0.102821 0.829214
0.416691 0.554553
-0.170352 0.829214
0.500181 0.554553
0.158642 0.829214
-0.482498 0.533627
0.0394122 0.829214
-0.0398629 0.829214
-1.39273 0.0340056
0.193973 0.554553
0.428773 0.554553
0.193221 0.554553
-0.302789 0.533627
-0.171147 0.829214
-0.126591 0.829214
0.986109 0.0758587
0.598417 0.183107
-0.672731 0.285124
-0.332895 0.533627
-0.0354029 0.829214
0.396473 0.554553
-0.109613 0.829214
0.219363 0.554553
0.325606 0.554553
-0.172701 0.829214
-0.875665 0.285124
-0.169476 0.829214
0.98373 0.0758587
-0.607811 0.285124
0.178876 0.829214
-0.600105 0.285124
0.248345 0.554553
0.982406 0.0758587
0.0488357 0.829214
0.439127 0.554553
-0.673863 0.285124
0.376899 0.554553
0.720459 0.183107
0.250421 0.554553
-0.766796 0.285124
0.142904 0.829214
-1.70028 0.0340056
-0.649894 0.285124
-0.500188 0.533627
0.352927 0.554553
-0.35348 0.533627
-0.65081 0.285124
-0.3276 0.533627
0.39852 0.554553
0.502058 0.554553
-0.327923 0.533627
-1.0147 0.0994011
-0.184452 0.829214
0.409765 0.554553
0.127205 0.829214
-1.66131 0.0340056
0.316515 0.554553
-0.0973509 0.829214
-0.121437 0.829214
-1.24132 0.0994011
-2.43252e-05 0.829214
0.473439 0.554553
-0.0456894 0.829214
-0.49052 0.533627
0.505231 0.554553
-0.593425 0.285124
-0.290803 0.533627
0.144397 0.829214
-0.0517906 0.829214
0.747955 0.183107
0.0519041 0.829214
0.441006 0.554553
0.33829 0.554553
-0.153148 0.829214
-1.24454 0.0994011
0.510456 0.554553
-0.0959484 0.829214
-0.335729 0.533627
-0.202293 0.533627
0.55302 0.554553
0.215129 0.554553
-1.61199 0.0340056
-0.455963 0.533627
-0.15351 0.829214
0.135633 0.829214
0.411458 0.554553
0.21921 0.554553
0.33197 0.554553
-0.59158 0.285124
-0.110238 0.829214
-0.113948 0.829214
0.437149 0.554553
-0.877781 0.285124
-1.0496 0.0994011
-0.311353 0.533627
-0.346303 0.533627
-0.755417 0.285124
0.268331 0.554553
0.327961 0.554553
-0.194236 0.533627
0.330175 0.554553
0.0829632 0.829214
0.388828 0.554553
-0.476557 0.533627
-0.617444 0.285124
0.196563 0.554553
0.0314231 0.829214
-0.329469 0.533627
-0.828436 0.285124
-1.01226 0.0994011
-0.483937 0.533627
0.602746 0.183107
1.72449 0
-1.00862 0.0994011
-0.201036 0.533627
0.525301 0.554553
0.0486083 0.829214
0.905489 0.183107
0.278529 0.554553
-0.0595459 0.829214
-0.857695 0.285124
-0.372352 0.533627
-0.672552 0.285124
-0.593697 0.285124
0.540338 0.554553
-1.72339 0
-0.0309572 0.829214
0.384345 0.554553
-0.434975 0.533627
0.373768 0.554553
0.234061 0.554553
-0.179055 0.829214
0.299924 0.554553
-0.219296 0.533627
0.307042 0.554553
0.0169621 0.829214
-0.806538 0.285124
-1.17 0.0994011
-1.36149 0.0340056
-0.512122 0.533627
0.221458 0.554553
-0.28953 0.533627
0.58484 0.183107
-0.775355 0.285124
-0.095793 0.829214
0.0634486 0.829214
0.752152 0.183107
0.562203 0.554553
0.040704 0.829214
0.454455 0.554553
-0.306286 0.533627
0.0308436 0.829214
-0.606804 0.285124
-0.261218 0.533627
-0.209552 0.533627
-0.00865538 0.829214
0.104015 0.829214
-0.340987 0.533627
0.627364 0.183107
0.595604 0.183107
0.385345 0.554553
-0.0887914 0.829214
0.14853 0.829214
0.0814256 0.829214
0.1185 0.829214
-0.71609 0.285124
0.0483297 0.829214
-0.327606 0.533627
2.0995 0
0.0463368 0.829214
-0.149712 0.829214
0.31866 0.554553
-0.408078 0.533627
0.164504 0.829214
-0.383139 0.533627
-0.0557119 0.829214
0.0836417 0.829214
0.570649 0.183107
-0.184218 0.829214
0.239199 0.554553
-0.128532 0.829214
-0.897065 0.285124
-0.114509 0.829214
-0.256608 0.533627
-0.361667 0.533627
-0.19353 0.829214
-0.176619 0.829214
-0.590405 0.285124
0.614948 0.183107
0.117557 0.829214
0.227282 0.554553
0.507755 0.554553
-0.946981 0.285124
-0.324774 0.533627
-0.561706 0.533627
-0.182085 0.829214
-0.993323 0.0994011
-1.46829 0.0340056
-1.19667 0.0994011
-0.311513 0.533627
-0.190363 0.829214
0.147627 0.829214
-1.04596 0.0994011
1.03852 0.0758587
0.517388 0.554553
0.237701 0.554553
-0.590419 0.285124
-0.114343 0.829214
-0.0745637 0.829214
0.988883 0.0758587
1.51267 0.0130791
-0.668923 0.285124
0.784724 0.183107
-0.33808 0.533627
-0.126041 0.829214
-0.3825 0.533627
0.149981 0.829214
-0.0857936 0.829214
0.540342 0.554553
0.428193 0.554553
-0.405841 0.533627
0.0388084 0.829214
0.0455415 0.829214
0.0427185 0.829214
-0.151605 0.829214
-0.367247 0.533627
1.25567 0.0758587
0.545535 0.554553
0.49631 0.554553
0.570833 0.183107
-0.0136826 0.829214
-1.37792 0.0340056
-0.264424 0.533627
-0.948447 0.285124
-0.644022 0.285124
-0.530635 0.533627
-0.24134 0.533627
-0.0163189 0.829214
-0.175665 0.829214
-0.28296 0.533627
-0.217284 0.533627
-0.766314 0.285124
-0.0615165 0.829214
0.443766 0.554553
-0.33303 0.533627
-0.173959 0.829214
0.692983 0.183107
0.267459 0.554553
0.829276 0.183107
0.278754 0.554553
-0.0315322 0.829214
0.640927 0.183107
-0.405393 0.533627
-0.778096 0.285124
-0.143567 0.829214
0.694393 0.183107
-0.397423 0.533627
0.109402 0.829214
-0.430283 0.533627
-0.265501 0.533627
0.164686 0.829214
0.295045 0.554553
-0.885534 0.285124
-0.284965 0.533627
-0.10633 0.829214
0.173598 0.829214
0.00542847 0.829214
-0.0225963 0.829214
0.234884 0.554553
-0.19902 0.533627
0.257815 0.554553
0.422027 0.554553
0.654532 0.183107
-0.767647 0.285124
0.251009 0.554553
0.453525 0.554553
-0.290387 0.533627
0.0923457 0.829214
0.579032 0.183107
-0.267973 0.533627
-0.679751 0.285124
0.101276 0.829214
0.469657 0.554553
0.0969222 0.829214
-0.115532 0.829214
0.616691 0.183107
-0.0181203 0.829214
0.410165 0.554553
0.14524 0.829214
0.146927 0.829214
-1.18983 0.0994011
-0.0820847 0.829214
-0.0119457 0.829214
0.332018 0.554553
0.250782 0.554553
0.189174 0.554553
0.163531 0.829214
-0.542703 0.533627
0.289824 0.554553
0.121563 0.829214
0.423711 0.554553
1.02107 0.0758587
-0.235947 0.533627
0.113382 0.829214
0.110319 0.829214
-0.148316 0.829214
-0.0982545 0.829214
0.403111 0.554553
0.164173 0.829214
-0.236711 0.533627
-0.348216 0.533627
0.368384 0.554553
0.103283 0.829214
0.160767 0.829214
-1.69562 0.0340056
-0.145715 0.829214
0.285979 0.554553
-0.855201 0.285124
-0.661445 0.285124
0.529929 0.554553
0.13665 0.829214
-0.166245 0.829214
0.456526 0.554553
-0.00125218 0.829214
-0.34939 0.533627
1.39058 0.0130791
-0.156618 0.829214
-0.600951 0.285124
0.39844 0.554553
-0.645565 0.285124
0.529524 0.554553
0.27972 0.554553
-0.59973 0.285124
-0.915057 0.285124
-0.691741 0.285124
-0.245665 0.533627
0.287628 0.554553
-0.669007 0.285124
0.069584 0.829214
-0.308491 0.533627
0.735607 0.183107
-0.0408307 0.829214
-0.161685 0.829214
0.0235723 0.829214
-0.36141 0.533627
1.18517 0.0758587
0.0837445 0.829214
-1.02599 0.0994011
0.13182 0.829214
0.619252 0.183107
0.436302 0.554553
-0.130062 0.829214
-0.194137 0.829214
-0.798373 0.285124
-0.482754 0.533627
0.232141 0.554553
-0.530316 0.533627
-1.01468 0.0994011
-0.0954325 0.829214
-0.34527 0.533627
0.0185536 0.829214
-0.432334 0.533627
-0.137236 0.829214
-0.382825 0.533627
-0.787442 0.285124
0.0563254 0.829214
-0.494161 0.533627
0.966856 0.0758587
-0.390065 0.533627
0.749592 0.183107
-0.356329 0.533627
-0.072484 0.829214
-0.184888 0.829214
0.423055 0.554553
0.547236 0.554553
-0.0917242 0.829214
0.246184 0.554553
0.0804698 0.829214
0.107947 0.829214
-0.398043 0.533627
-0.570274 0.533627
0.4214 0.554553
-0.401673 0.533627
-0.191573 0.829214
-0.409217 0.533627
-0.772663 0.285124
0.143955 0.829214
0.358371 0.554553
-0.456204 0.533627
-0.165029 0.829214
0.398498 0.554553
-0.0149642 0.829214
-0.32966 0.533627
0.189442 0.554553
-0.207777 0.533627
0.812891 0.183107
-1.00763 0.0994011
-0.40335 0.533627
1.15956 0.0758587
-0.27302 0.533627
0.397916 0.554553
0.00701807 0.829214
-0.152187 0.829214
-0.0420299 0.829214
0.0508293 0.829214
-0.264823 0.533627
0.246204 0.554553
-0.271587 0.533627
0.954988 0.0758587
-0.795634 0.285124
1.01853 0.0758587
-0.509037 0.533627
-0.616495 0.285124
-0.554837 0.533627
0.0479142 0.829214
0.7766 0.183107
0.268547 0.554553
-0.479583 0.533627
-0.936837 0.285124
-0.350914 0.533627
0.30977 0.554553
0.899873 0.183107
-0.121344 0.829214
-0.298026 0.533627
0.311353 0.554553
0.11841 0.829214
-0.328995 0.533627
-0.151473 0.829214
0.505869 0.554553
-1.27809 0.0994011
0.0710348 0.829214
-0.274216 0.533627
-0.320969 0.533627
-0.0212711 0.829214
0.643642 0.183107
-0.350887 0.533627
-0.56819 0.533627
-0.04667 0.829214
-0.887086 0.285124
-0.181806 0.829214
0.923926 0.183107
-1.00925 0.0994011
-0.230441 0.533627
0.124709 0.829214
0.59482 0.183107
0.759519 0.183107
-0.374657 0.533627
-0.716043 0.285124
0.105516 0.829214
0.582176 0.183107
0.262372 0.554553
0.307355 0.554553
0.0434357 0.829214
-0.526058 0.533627
0.102873 0.829214
0.0226142 0.829214
-0.0169342 0.829214
0.412087 0.554553
-0.481708 0.533627
0.0963076 0.829214
-0.26033 0.533627
-0.181024 0.829214
-0.325967 0.533627
-0.169443 0.829214
0.285591 0.554553
-0.590011 0.285124
-0.0346007 0.829214
0.162518 0.829214
-0.224564 0.533627
-0.283994 0.533627
1.58347 0.0130791
0.428469 0.554553
-0.462283 0.533627
-0.359171 0.533627
0.0831121 0.829214
-0.0848581 0.829214
-0.50322 0.533627
-0.28513 0.533627
-0.0834981 0.829214
-0.729368 0.285124
-0.777193 0.285124
0.295441 0.554553
-0.884999 0.285124
0.329932 0.554553
-0.182763 0.829214
-0.0931539 0.829214
0.858142 0.183107
0.699404 0.183107