-2.60099 0.00536409
0.332885 0.379062
-0.536496 0.395155
0.607119 0.379062
-0.00666053 0.788521
0.626167 0.379062
-0.423643 0.395155
0.846 0.379062
-0.784432 0.395155
0.513629 0.379062
-0.0716462 0.788521
1.22368 0.0733092
-1.34536 0.10013
-0.528709 0.395155
-0.404212 0.395155
-0.512247 0.395155
-0.38682 0.395155
-1.07444 0.10013
0.113654 0.788521
-0.184409 0.788521
-0.0375827 0.788521
0.13451 0.788521
0.354881 0.379062
0.0572245 0.788521
0.0684156 0.788521
0.197068 0.788521
0.0400705 0.788521
-0.396622 0.395155
-0.240378 0.788521
0.295994 0.788521
0.618149 0.379062
0.426157 0.379062
1.78383 0.0214564
-0.115295 0.788521
-0.187225 0.788521
-0.043818 0.788521
0.167295 0.788521
-0.386232 0.395155
0.628692 0.379062
0.303071 0.788521
-0.389402 0.395155
-0.308628 0.395155
-0.346668 0.395155
0.151891 0.788521
0.214928 0.788521
0.604999 0.379062
-0.215139 0.788521
-0.542165 0.395155
0.576725 0.379062
-0.434977 0.395155
1.06936 0.0733092
0.912485 0.0733092
-0.140589 0.788521
0.624729 0.379062
-0.0531328 0.788521
0.751604 0.379062
-0.276034 0.395155
0.408614 0.379062
-0.31906 0.395155
-1.12081 0.10013
-0.333351 0.395155
-0.790149 0.395155
0.0160741 0.788521
-0.409439 0.395155
-0.746503 0.395155
0.297532 0.788521
-0.303047 0.395155
0.540082 0.379062
0.142433 0.788521
-0.315331 0.395155
-0.447045 0.395155
-0.11782 0.788521
-0.0860023 0.788521
-0.0274193 0.788521
-0.361973 0.395155
0.0641644 0.788521
-0.238954 0.788521
0.469097 0.379062
1.7784 0.0214564
0.522949 0.379062
0.194783 0.788521
-0.20573 0.788521
0.147862 0.788521
0.210939 0.788521
-0.0453837 0.788521
0.770413 0.379062
-0.419716 0.395155
-0.10532 0.788521
-0.0785039 0.788521
-0.00883918 0.788521
0.532897 0.379062
2.54145 0
0.198522 0.788521
0.708743 0.379062
0.5688 0.379062
-1.1755 0.10013
-0.147881 0.788521
0.514057 0.379062
0.192577 0.788521
-0.106933 0.788521
0.0709739 0.788521
-0.535474 0.395155
0.260494 0.788521
0.600776 0.379062
0.388377 0.379062
-0.485897 0.395155
1.06707 0.0733092
0.666845 0.379062
-0.837963 0.10013
-1.18176 0.10013
0.180652 0.788521
-0.0587402 0.788521
0.103041 0.788521
0.19955 0.788521
-0.392029 0.395155
-0.656196 0.395155
-0.342422 0.395155
0.133457 0.788521
-0.0882659 0.788521
-0.386718 0.395155
-0.0698632 0.788521
0.464057 0.379062
0.320098 0.379062
-0.16011 0.788521
-0.312816 0.395155
0.542981 0.379062
-0.299573 0.395155
-0.177571 0.788521
0.196562 0.788521
0.361447 0.379062
-0.162375 0.788521
0.393585 0.379062
0.459237 0.379062
-0.745157 0.395155
0.361483 0.379062
0.779621 0.379062
-0.0101336 0.788521
-0.46394 0.395155
1.17168 0.0733092
0.202142 0.788521
-0.545989 0.395155
-0.202964 0.788521
-0.658398 0.395155
-0.442753 0.395155
-0.152864 0.788521
0.302792 0.788521
-0.0406718 0.788521
0.79439 0.379062
1.06989 0.0733092
-0.350603 0.395155
0.497134 0.379062
0.906508 0.0733092
-0.20316 0.788521
-1.27233 0.10013
-0.217311 0.788521
-0.194962 0.788521
0.347679 0.379062
-0.445068 0.395155
0.159809 0.788521
-0.4426 0.395155
-0.436261 0.395155
-0.405994 0.395155
-0.431513 0.395155
-0.844246 0.10013
-0.274094 0.395155
-0.390853 0.395155
0.153857 0.788521
-0.345852 0.395155
-0.102609 0.788521
-0.703201 0.395155
-0.0425263 0.788521
-0.120226 0.788521
-0.688878 0.395155
-0.848408 0.10013
0.609281 0.379062
-0.223333 0.788521
0.247937 0.788521
1.20281 0.0733092
-0.312905 0.395155
0.88727 0.0733092
-0.7219 0.395155
-0.314795 0.395155
-0.384158 0.395155
0.116325 0.788521
-0.447584 0.395155
0.275728 0.788521
-0.723819 0.395155
-0.0156846 0.788521
0.651506 0.379062
-1.24972 0.10013
-0.170978 0.788521
0.0839659 0.788521
0.620827 0.379062
0.218028 0.788521
0.189203 0.788521
0.0580126 0.788521
-0.292218 0.395155
0.457881 0.379062
0.592518 0.379062
0.00242656 0.788521
0.578783 0.379062
1.26033 0.0733092
-0.531119 0.395155
-0.0600138 0.788521
0.0258982 0.788521
0.74916 0.379062
0.165572 0.788521
1.4258 0.0214564
0.678016 0.379062
-0.658777 0.395155
0.0867388 0.788521
0.31101 0.379062
-0.349102 0.395155
0.916892 0.0733092
0.57169 0.379062
0.0379234 0.788521
-0.0166871 0.788521
0.421868 0.379062
0.518082 0.379062
2.04692 0
0.113784 0.788521
0.334125 0.379062
-0.688434 0.395155
-1.98473 0.00357606
-0.63575 0.395155
0.259695 0.788521
-0.170637 0.788521
0.140076 0.788521
-0.22349 0.788521
-0.374253 0.395155
0.0691441 0.788521
1.01777 0.0733092
-0.126653 0.788521
-1.25445 0.10013
0.15312 0.788521
0.511799 0.379062
-0.0699603 0.788521
0.749907 0.379062
-0.243914 0.788521
0.505244 0.379062
-0.937392 0.10013
0.178862 0.788521
-0.212876 0.788521
0.226948 0.788521
1.06466 0.0733092
0.246915 0.788521
-0.956002 0.10013
0.00664905 0.788521
-0.970915 0.10013
0.839506 0.379062
-0.0166964 0.788521
0.0132512 0.788521
-0.763991 0.395155
0.230877 0.788521
0.168102 0.788521
-0.261536 0.395155
-0.211281 0.788521
-0.104149 0.788521
-0.681017 0.395155
-0.485437 0.395155
-0.166493 0.788521
-0.531724 0.395155
-0.707784 0.395155
0.765072 0.379062
0.111854 0.788521
-1.00527 0.10013
0.479623 0.379062
0.523229 0.379062
-0.464926 0.395155
-0.163732 0.788521
-0.258754 0.395155
0.355946 0.379062
0.160083 0.788521
0.114831 0.788521
0.736653 0.379062
0.793974 0.379062
-0.512055 0.395155
-0.124749 0.788521
-0.274885 0.395155
-0.741245 0.395155
-0.0582265 0.788521
0.321398 0.379062
-0.573328 0.395155
-0.0810065 0.788521
-0.662162 0.395155
-0.073801 0.788521
-0.0327681 0.788521
0.251503 0.788521
-0.127214 0.788521
0.380762 0.379062
-0.7621 0.395155
0.996575 0.0733092
-1.00815 0.10013
-0.43921 0.395155
0.372872 0.379062
1.175 0.0733092
-0.916208 0.10013
-0.252401 0.788521
-0.860316 0.10013
-0.545747 0.395155
0.127368 0.788521
-0.324746 0.395155
-0.45717 0.395155
-1.22759 0.10013
1.52731 0.0214564
0.646871 0.379062
-0.401043 0.395155
-0.155081 0.788521
-0.564115 0.395155
0.464253 0.379062
0.989597 0.0733092
0.165098 0.788521
-0.393754 0.395155
0.637594 0.379062
-0.684637 0.395155
0.0268378 0.788521
-0.40707 0.395155
0.277002 0.788521
0.505464 0.379062
-1.36413 0.10013
-0.206566 0.788521
-0.164813 0.788521
-1.21111 0.10013
0.734081 0.379062
-1.6342 0.0160923
0.258009 0.788521
-0.096168 0.788521
0.178746 0.788521
-0.225837 0.788521
0.46312 0.379062
-0.336889 0.395155
-0.447985 0.395155
0.215704 0.788521
-0.249448 0.788521
-0.165073 0.788521
0.0823762 0.788521
-0.252308 0.788521
0.197252 0.788521
-0.279642 0.395155
0.0968748 0.788521
0.472132 0.379062
0.350827 0.379062
0.801497 0.379062
0.327714 0.379062
0.222787 0.788521
0.191173 0.788521
-0.0462397 0.788521
-0.0929656 0.788521
0.165193 0.788521
-0.418942 0.395155
0.399394 0.379062
0.199392 0.788521
-0.74339 0.395155
0.0462858 0.788521
-0.1268 0.788521
0.049723 0.788521
-0.167871 0.788521
0.943038 0.0733092
-0.365089 0.395155
-0.281346 0.395155
0.130105 0.788521
-0.580066 0.395155
0.242984 0.788521
-0.0240227 0.788521
0.166304 0.788521
1.0683 0.0733092
-1.00997 0.10013
-0.26233 0.395155
-0.606413 0.395155
-1.2566 0.10013
-0.223918 0.788521
0.332107 0.379062
-0.527433 0.395155
-1.47403 0.0160923
-0.803535 0.395155
-0.273396 0.395155
-1.19191 0.10013
0.0737778 0.788521
0.160203 0.788521
0.538965 0.379062
-0.00927144 0.788521
0.03004 0.788521
0.221311 0.788521
-0.213484 0.788521
0.52059 0.379062
0.324703 0.379062
0.319736 0.379062
-1.22563 0.10013
0.335986 0.379062
-0.923767 0.10013
0.154967 0.788521
0.640122 0.379062
-0.75704 0.395155
1.90206 0.0214564
0.454151 0.379062
-0.138049 0.788521
0.687512 0.379062
-0.702774 0.395155
0.0918217 0.788521
0.67509 0.379062
-0.710188 0.395155
0.570613 0.379062
0.136498 0.788521
0.156187 0.788521
-0.792086 0.395155
0.409497 0.379062
0.00323865 0.788521
-1.07905 0.10013
0.424208 0.379062
-0.226291 0.788521
0.476609 0.379062
-0.107191 0.788521
-0.13407 0.788521
-0.128787 0.788521
-0.889604 0.10013
0.599254 0.379062
0.0425868 0.788521
-0.474346 0.395155
-0.00939872 0.788521
0.0209914 0.788521
0.417128 0.379062
0.461645 0.379062
-0.616253 0.395155
0.504658 0.379062
0.0717658 0.788521
0.243931 0.788521
0.377919 0.379062
0.485755 0.379062
0.476647 0.379062
-0.544264 0.395155
0.623012 0.379062
0.0309804 0.788521
0.498183 0.379062
-0.522051 0.395155
-0.303268 0.395155
-0.40015 0.395155
0.115855 0.788521
0.222503 0.788521
-0.624962 0.395155
-0.30898 0.395155
-0.992389 0.10013
0.502391 0.379062
-0.0322523 0.788521
-0.149667 0.788521
-0.478271 0.395155
-0.0316606 0.788521
-0.145189 0.788521
0.568911 0.379062
0.0970047 0.788521
0.506407 0.379062
0.0188893 0.788521
-1.33974 0.10013
0.166211 0.788521
0.2307 0.788521
-0.985047 0.10013
-0.83613 0.10013
-0.192347 0.788521
0.347748 0.379062
-0.134738 0.788521
-0.237013 0.788521
0.00499057 0.788521
0.439476 0.379062
0.29207 0.788521
0.175474 0.788521
0.0523105 0.788521
-0.232987 0.788521
0.334926 0.379062
0.16518 0.788521
0.274333 0.788521
-2.61201 0.00536409
0.209232 0.788521
-0.662421 0.395155
0.027418 0.788521
0.465321 0.379062
0.158941 0.788521
0.261371 0.788521
-0.413678 0.395155
0.0145443 0.788521
0.754712 0.379062
0.106494 0.788521
0.539661 0.379062
0.143514 0.788521
0.425941 0.379062
-0.381893 0.395155
0.150822 0.788521
-0.115225 0.788521
-0.730088 0.395155
-0.759981 0.395155
0.220647 0.788521
0.0707188 0.788521
1.03151 0.0733092
0.451674 0.379062
-0.236569 0.788521
-0.314135 0.395155
-0.0633103 0.788521
-0.852043 0.10013
0.229581 0.788521
0.715895 0.379062
0.967341 0.0733092
-0.564363 0.395155
0.312112 0.379062
0.0201358 0.788521
-0.00948718 0.788521
0.212746 0.788521
0.50695 0.379062
0.198089 0.788521
-0.226503 0.788521
0.618188 0.379062
-0.599314 0.395155
0.25361 0.788521
-0.169833 0.788521
0.484466 0.379062
-0.0691617 0.788521
0.017987 0.788521
0.143667 0.788521
-0.74623 0.395155
0.386828 0.379062
-0.00592913 0.788521
0.411319 0.379062
0.180711 0.788521
0.163351 0.788521
-0.19946 0.788521
-0.423957 0.395155
0.162384 0.788521
0.193984 0.788521
0.675099 0.379062
-0.820664 0.10013
0.943584 0.0733092
0.0263169 0.788521
0.317529 0.379062
0.971228 0.0733092
0.0491296 0.788521
0.188892 0.788521
-0.139279 0.788521
0.584186 0.379062
-0.160377 0.788521
0.336704 0.379062
-0.489568 0.395155
-1.50942 0.0160923
0.515999 0.379062
0.641152 0.379062
0.93209 0.0733092
0.631673 0.379062
-0.2249 0.788521
-0.606729 0.395155
-0.392398 0.395155
0.698927 0.379062
0.173594 0.788521
-0.213268 0.788521
-0.416716 0.395155
-0.113548 0.788521
-0.309811 0.395155
-0.0209436 0.788521
-1.16566 0.10013
1.89679 0.0214564
-0.192661 0.788521
-0.22238 0.788521
0.352131 0.379062
0.492305 0.379062
0.442143 0.379062
-0.159902 0.788521
0.364988 0.379062
-0.391863 0.395155
0.471601 0.379062
-0.0071981 0.788521
0.783754 0.379062
-0.439471 0.395155
-0.522397 0.395155
-0.329259 0.395155
0.387776 0.379062
0.623268 0.379062
-0.730889 0.395155
2.12093 0
-0.251102 0.788521
-0.211994 0.788521
-0.524967 0.395155
0.546775 0.379062
0.0742303 0.788521
0.114484 0.788521
-0.104993 0.788521
0.476305 0.379062
-0.230296 0.788521
0.540174 0.379062
-0.0865982 0.788521
0.325837 0.379062
0.108674 0.788521
-0.810912 0.395155
-0.00011176 0.788521
-0.1111 0.788521
0.0317268 0.788521
-0.969754 0.10013
-0.21684 0.788521
1.761 0.0214564
-0.984943 0.10013
0.408434 0.379062
0.120737 0.788521
0.606326 0.379062
1.29672 0.0733092
-0.137273 0.788521
-0.606674 0.395155
0.627793 0.379062
-0.132451 0.788521
-0.517434 0.395155
-0.151295 0.788521
0.0828494 0.788521
-0.281049 0.395155
-0.109622 0.788521
-0.0199056 0.788521
-0.0333036 0.788521
0.158712 0.788521
0.278158 0.788521
1.69906 0.0214564
0.41837 0.379062
1.16665 0.0733092
0.375506 0.379062
0.0624051 0.788521
-0.138243 0.788521
0.314272 0.379062
0.0135829 0.788521
0.617299 0.379062
1.3602 0.0733092
-0.155917 0.788521
0.286528 0.788521
0.327561 0.379062
0.25699 0.788521
-1.46808 0.0160923
0.252372 0.788521
0.855623 0.379062
1.15928 0.0733092
0.392674 0.379062
-0.825703 0.10013
-0.764598 0.395155
0.31581 0.379062
0.176868 0.788521
0.643942 0.379062
0.16852 0.788521
0.212918 0.788521
0.115103 0.788521
-0.703703 0.395155
-0.43773 0.395155
0.830681 0.379062
-0.0130483 0.788521
-0.0714856 0.788521
0.328965 0.379062
-0.524895 0.395155
0.0906025 0.788521
-0.218836 0.788521
-0.0776622 0.788521
0.00734092 0.788521
0.0513954 0.788521
-0.232822 0.788521
-0.793377 0.395155
-0.277336 0.395155
0.360384 0.379062
0.151472 0.788521
-0.0129895 0.788521
-0.192905 0.788521
-0.0546003 0.788521
0.341159 0.379062
0.258331 0.788521
0.764338 0.379062
0.633072 0.379062
-0.220185 0.788521
-0.454578 0.395155
0.0910252 0.788521
-0.155765 0.788521
0.25283 0.788521
-0.958464 0.10013
0.350218 0.379062
0.660204 0.379062
-0.0704986 0.788521
0.0374897 0.788521
-0.0952172 0.788521
0.459121 0.379062
0.733675 0.379062
-0.143897 0.788521
-0.208564 0.788521
1.54355 0.0214564
0.957408 0.0733092
-0.276985 0.395155
-0.205585 0.788521
-0.0893439 0.788521
0.203519 0.788521
0.23577 0.788521
0.383585 0.379062
0.0349145 0.788521
0.749828 0.379062
-0.27599 0.395155
-0.239425 0.788521
0.233769 0.788521
0.344798 0.379062
-0.356875 0.395155
-0.437799 0.395155
1.0225 0.0733092
0.922207 0.0733092
-0.0272894 0.788521
0.187963 0.788521
0.699751 0.379062
-0.0979699 0.788521
0.941532 0.0733092
-0.309654 0.395155
-0.358392 0.395155
0.018155 0.788521
-0.134646 0.788521
-0.0785065 0.788521
-0.181641 0.788521
-0.764455 0.395155
0.147857 0.788521
0.9442 0.0733092
0.23238 0.788521
0.188805 0.788521
-2.38371 0.00357606
0.4772 0.379062
-0.658806 0.395155
0.27134 0.788521
0.103555 0.788521
-0.169994 0.788521
0.206122 0.788521
-0.208076 0.788521
0.735132 0.379062
-1.03787 0.10013
-0.536571 0.395155
0.411256 0.379062
0.326758 0.379062
0.0227251 0.788521
-1.5589 0.0160923
1.44616 0.0214564
-1.20251 0.10013
-0.123828 0.788521
-0.215242 0.788521
-0.609363 0.395155
0.204679 0.788521
-0.0346922 0.788521
-1.70142 0.0160923
-0.736689 0.395155
0.67272 0.379062
0.153134 0.788521
-0.365248 0.395155
0.17537 0.788521
1.67501 0.0214564
-0.114826 0.788521
0.347619 0.379062
-0.106313 0.788521
-0.924523 0.10013
0.654431 0.379062
-0.452338 0.395155
-0.514893 0.395155
0.383933 0.379062
-0.610439 0.395155
-0.158814 0.788521
-0.535704 0.395155
0.312301 0.379062
0.25671 0.788521
-0.468526 0.395155
-0.434565 0.395155
0.698575 0.379062
0.312591 0.379062
0.369668 0.379062
0.685959 0.379062
0.73195 0.379062
-0.0524659 0.788521
-1.88454 0.0160923
0.285449 0.788521
-0.0853801 0.788521
-0.224408 0.788521
-0.285069 0.395155
-0.2276 0.788521
0.0613854 0.788521
-0.227107 0.788521
-0.105511 0.788521
0.335464 0.379062
0.0216186 0.788521
-0.187813 0.788521
-0.766495 0.395155
-1.07891 0.10013
-0.52625 0.395155
0.0275854 0.788521
0.446479 0.379062
0.307131 0.379062
0.222225 0.788521
-0.497078 0.395155
-1.45149 0.0160923
0.0494967 0.788521
0.569433 0.379062
-1.05696 0.10013
-0.19327 0.788521
0.847232 0.379062
-0.247679 0.788521
0.132851 0.788521
0.13472 0.788521
-0.108317 0.788521
0.826363 0.379062
-0.276953 0.395155
-0.0161275 0.788521
-0.203864 0.788521
0.521232 0.379062
-0.232755 0.788521
-0.443369 0.395155
-0.547696 0.395155
1.14151 0.0733092
1.40099 0.0733092
-0.180305 0.788521
0.143483 0.788521
-1.09466 0.10013
-0.448108 0.395155
0.16263 0.788521
-0.898035 0.10013
0.156798 0.788521
-0.118493 0.788521
0.87995 0.0733092
0.291255 0.788521
0.286632 0.788521
-0.124022 0.788521
-0.107297 0.788521
0.0990156 0.788521
0.183306 0.788521
-0.0164043 0.788521
1.14667 0.0733092
0.134518 0.788521
-0.151711 0.788521
-0.109676 0.788521
-0.301366 0.395155
-0.179098 0.788521
-0.299174 0.395155
-0.898465 0.10013
0.182595 0.788521
-0.00782765 0.788521
0.285475 0.788521
-0.0971526 0.788521
0.740611 0.379062
0.0174562 0.788521
-0.143273 0.788521
-0.408723 0.395155
1.02682 0.0733092
-0.741427 0.395155
0.753754 0.379062
0.10486 0.788521
-0.97041 0.10013
-0.343377 0.395155
0.160446 0.788521
-0.423734 0.395155
-0.0345575 0.788521
0.620659 0.379062
-0.0526468 0.788521
0.994465 0.0733092
-1.26445 0.10013
-0.543339 0.395155
0.849781 0.379062
0.769394 0.379062
0.459662 0.379062
0.364265 0.379062
-0.0682487 0.788521
0.0674571 0.788521
-0.222057 0.788521
-0.421014 0.395155
-0.45198 0.395155
0.214236 0.788521
0.547779 0.379062
-0.292309 0.395155
-1.27432 0.10013
-0.0278397 0.788521
-0.616186 0.395155
-0.197315 0.788521
0.555636 0.379062
0.333312 0.379062
0.457688 0.379062
-0.840866 0.10013
-0.235028 0.788521
-0.00982347 0.788521
-0.404303 0.395155
-0.575819 0.395155
-0.487739 0.395155
-0.563401 0.395155
0.117645 0.788521
1.46913 0.0214564
0.225106 0.788521
-0.755772 0.395155
-0.399127 0.395155
-1.12341 0.10013
0.0970054 0.788521
0.854072 0.379062
0.491442 0.379062
0.519613 0.379062
-0.147169 0.788521
0.742308 0.379062
0.683201 0.379062
0.298183 0.788521
-1.89834 0.0160923
-0.119938 0.788521
-0.779468 0.395155
0.108299 0.788521
-0.729607 0.395155
-0.356767 0.395155
-0.00234548 0.788521
-0.847568 0.10013
-0.230931 0.788521
-0.347234 0.395155
-0.567211 0.395155
0.621833 0.379062
-0.54906 0.395155
0.0160514 0.788521
0.941325 0.0733092
0.200529 0.788521
-0.603213 0.395155
-0.413014 0.395155
0.393063 0.379062
-0.208102 0.788521
-0.255798 0.395155
-0.109615 0.788521
-0.276377 0.395155
0.275375 0.788521
0.262859 0.788521
-0.252341 0.788521
0.364604 0.379062
-0.0523213 0.788521
0.246507 0.788521
0.0455756 0.788521
-0.122418 0.788521
-1.03189 0.10013
-0.359686 0.395155
-0.48932 0.395155
-0.20492 0.788521
0.455238 0.379062
0.77337 0.379062
-0.270298 0.395155
-0.691373 0.395155
0.858889 0.379062
-0.0576874 0.788521
0.0183839 0.788521
-0.0684233 0.788521
-0.217834 0.788521
0.417822 0.379062
-0.291392 0.395155
-0.192545 0.788521
-0.742148 0.395155
-0.228308 0.788521
0.615133 0.379062
-0.433606 0.395155
-0.69774 0.395155
0.37094 0.379062
-3.05129 0.00536409
-0.0767078 0.788521
0.174154 0.788521
-0.115945 0.788521
-0.47769 0.395155
-0.916308 0.10013
-0.556665 0.395155
-0.352986 0.395155
-0.032216 0.788521
0.010068 0.788521
-0.0497221 0.788521
-0.112744 0.788521
0.399705 0.379062
0.131372 0.788521
-0.255283 0.395155
-0.785928 0.395155
-0.0191812 0.788521
0.0300003 0.788521
-0.440197 0.395155
1.00934 0.0733092
-0.401325 0.395155
-0.741403 0.395155
0.317349 0.379062
0.144859 0.788521
-0.09553 0.788521
0.00135211 0.788521
-0.228898 0.788521
0.163281 0.788521
-0.0926672 0.788521
0.230737 0.788521
0.216043 0.788521
-0.527727 0.395155
0.197795 0.788521
0.228446 0.788521
-0.56922 0.395155
-0.60268 0.395155
-0.330282 0.395155
-0.685078 0.395155
-0.00113015 0.788521
1.06059 0.0733092
0.0368251 0.788521
0.553791 0.379062
-0.644738 0.395155
-0.854179 0.10013
-0.0614676 0.788521
0.377037 0.379062
-0.24356 0.788521
0.0749868 0.788521
-0.00898163 0.788521
-0.123821 0.788521
-0.371271 0.395155
-0.0974686 0.788521
0.707888 0.379062
-0.121151 0.788521
0.554538 0.379062
-0.589534 0.395155
0.093666 0.788521
0.0110197 0.788521
-0.111562 0.788521
-0.502883 0.395155