0.142072 0.767474
0.32722 0.333807
0.355321 0.333807
-0.314151 0.767474
-0.477063 0.326153
-0.363664 0.326153
-0.0782587 0.767474
-0.0714196 0.767474
-0.490878 0.326153
-0.301432 0.767474
-0.735278 0.326153
-0.897551 0.326153
0.845007 0.333807
-0.905491 0.326153
0.141243 0.767474
0.328661 0.333807
0.449742 0.333807
0.503953 0.333807
-0.16671 0.767474
-0.0401773 0.767474
-0.00589384 0.767474
-0.874538 0.326153
-0.864102 0.326153
-0.271661 0.767474
0.0910608 0.767474
0.00350127 0.767474
-0.814196 0.326153
0.868294 0.333807
0.0269461 0.767474
0.0923689 0.767474
-0.0594144 0.767474
0.909484 0.333807
0.278577 0.767474
0.746502 0.333807
1.61102 0.0523229
1.03969 0.0523229
-0.348651 0.326153
0.520109 0.333807
0.169477 0.767474
-0.479814 0.326153
-0.0483739 0.767474
-0.21223 0.767474
0.488161 0.333807
0.318144 0.333807
-0.564556 0.326153
-0.509209 0.326153
0.409099 0.333807
-0.566583 0.326153
0.344446 0.333807
-1.07707 0.0477573
0.331887 0.333807
-0.630776 0.326153
0.0392417 0.767474
0.342236 0.333807
-0.614953 0.326153
-0.446404 0.326153
-0.0690626 0.767474
-0.544992 0.326153
0.334583 0.333807
0.120294 0.767474
0.221617 0.767474
-0.0629987 0.767474
0.478465 0.333807
0.0111051 0.767474
0.516922 0.333807
0.369483 0.333807
-0.659117 0.326153
0.721524 0.333807
-0.0925261 0.767474
0.194054 0.767474
0.814029 0.333807
0.180605 0.767474
-1.13741 0.0477573
-0.0144921 0.767474
0.065126 0.767474
-0.505688 0.326153
0.259053 0.767474
-0.254281 0.767474
-0.255391 0.767474
-0.139191 0.767474
-0.254766 0.767474
-0.792001 0.326153
-0.0109399 0.767474
-0.284886 0.767474
-0.519546 0.326153
0.124695 0.767474
0.108627 0.767474
-0.30849 0.767474
-1.02807 0.0477573
-0.0549737 0.767474
-0.342455 0.326153
0.90297 0.333807
-0.34938 0.326153
0.600402 0.333807
0.157821 0.767474
0.457222 0.333807
-0.296906 0.767474
0.0862871 0.767474
0.235854 0.767474
0.364591 0.333807
-0.209306 0.767474
-0.620351 0.326153
0.247234 0.767474
0.122029 0.767474
-0.588099 0.326153
-0.273079 0.767474
-0.0483394 0.767474
0.0553829 0.767474
-0.937907 0.326153
0.127998 0.767474
-0.113113 0.767474
-0.6554 0.326153
-0.0837188 0.767474
-0.508583 0.326153
-0.398371 0.326153
1.65216 0.00617534
0.489465 0.333807
-0.459982 0.326153
-0.105403 0.767474
0.143903 0.767474
-0.0252823 0.767474
-0.00271945 0.767474
0.965555 0.333807
-0.39584 0.326153
-0.0871507 0.767474
0.191851 0.767474
-1.02248 0.0477573
0.0919178 0.767474
0.355286 0.333807
-0.101758 0.767474
0.199266 0.767474
-0.121303 0.767474
-0.990537 0.0477573
-0.515303 0.326153
0.0973794 0.767474
-0.420063 0.326153
-0.391279 0.326153
0.346534 0.333807
0.271154 0.767474
1.12178 0.0523229
-0.0410822 0.767474
0.0214253 0.767474
-1.08076 0.0477573
0.070002 0.767474
0.458195 0.333807
-0.59185 0.326153
-0.280674 0.767474
-1.04245 0.0477573
-0.00790309 0.767474
-0.313427 0.767474
0.373586 0.333807
0.107527 0.767474
1.36587 0.0523229
-0.24514 0.767474
0.104642 0.767474
0.730931 0.333807
-0.6947 0.326153
0.245246 0.767474
-0.753163 0.326153
1.00377 0.0523229
0.123607 0.767474
0.807258 0.333807
-0.39152 0.326153
-0.583237 0.326153
-0.130558 0.767474
-0.0532241 0.767474
0.0874693 0.767474
-0.425274 0.326153
0.116312 0.767474
-0.177587 0.767474
0.229984 0.767474
-0.011316 0.767474
-0.274709 0.767474
-0.959819 0.326153
0.735307 0.333807
0.312543 0.767474
0.0766852 0.767474
-0.680946 0.326153
-0.155499 0.767474
0.808817 0.333807
0.30526 0.767474
1.26362 0.0523229
-0.0600444 0.767474
0.0231382 0.767474
-0.835675 0.326153
0.844744 0.333807
-0.26382 0.767474
-0.314061 0.767474
0.445042 0.333807
-0.640339 0.326153
-0.180086 0.767474
-0.1646 0.767474
-0.125279 0.767474
0.373949 0.333807
0.0032895 0.767474
0.773393 0.333807
-0.564386 0.326153
-0.0560121 0.767474
0.376659 0.333807
0.213799 0.767474
-0.0408784 0.767474
0.271001 0.767474
-0.603827 0.326153
-0.238843 0.767474
0.132838 0.767474
0.269799 0.767474
-0.113413 0.767474
-0.308389 0.767474
0.334992 0.333807
-0.109608 0.767474
0.29931 0.767474
-0.054991 0.767474
-0.0627887 0.767474
0.746497 0.333807
0.611219 0.333807
0.0251692 0.767474
0.506816 0.333807
-0.222333 0.767474
0.930966 0.333807
-0.597308 0.326153
-1.11134 0.0477573
-0.0183579 0.767474
0.772407 0.333807
0.284792 0.767474
0.720548 0.333807
-0.285275 0.767474
-0.835356 0.326153
-0.323545 0.767474
0.10207 0.767474
0.620501 0.333807
0.0296825 0.767474
0.0018861 0.767474
-0.419754 0.326153
-0.0890079 0.767474
-0.0979176 0.767474
-0.128281 0.767474
-0.350543 0.326153
0.549429 0.333807
-0.626864 0.326153
0.854411 0.333807
-0.245199 0.767474
0.233259 0.767474
-0.50169 0.326153
-0.0865019 0.767474
-0.811237 0.326153
-0.494007 0.326153
-0.638385 0.326153
-0.0207644 0.767474
0.29728 0.767474
-0.278096 0.767474
0.00752521 0.767474
0.566909 0.333807
0.00724062 0.767474
0.496807 0.333807
0.52823 0.333807
-0.547085 0.326153
0.274613 0.767474
0.155652 0.767474
0.487323 0.333807
-0.581849 0.326153
-0.00439056 0.767474
0.395801 0.333807
-0.196073 0.767474
-0.259939 0.767474
0.0821513 0.767474
0.44274 0.333807
-0.342883 0.326153
1.94863 0.00617534
0.124623 0.767474
0.338296 0.333807
0.22571 0.767474
0.131727 0.767474
0.176849 0.767474
-0.101865 0.767474
1.84689 0.00617534
0.218357 0.767474
0.0590264 0.767474
0.78491 0.333807
-0.909697 0.326153
-0.000854741 0.767474
0.196777 0.767474
0.640655 0.333807
-0.724482 0.326153
-0.321209 0.767474
-0.897094 0.326153
-0.106581 0.767474
0.121652 0.767474
-0.348156 0.326153
0.221105 0.767474
-0.0301718 0.767474
-0.181583 0.767474
0.134016 0.767474
-0.232521 0.767474
-0.937336 0.326153
0.00494726 0.767474
0.670729 0.333807
-0.218089 0.767474
-0.394832 0.326153
0.495849 0.333807
-0.71779 0.326153
-1.21652 0.0477573
0.438396 0.333807
0.0152692 0.767474
-0.107342 0.767474
0.903189 0.333807
0.0738611 0.767474
0.432789 0.333807
-0.0410931 0.767474
-0.259393 0.767474
0.624128 0.333807
0.518117 0.333807
-0.177324 0.767474
-0.269229 0.767474
-1.31787 0.0477573
0.182734 0.767474
0.718307 0.333807
-0.776299 0.326153
0.937391 0.333807
-0.18526 0.767474
-0.26936 0.767474
0.242714 0.767474
-0.382823 0.326153
0.209549 0.767474
-0.115321 0.767474
-1.56461 0.0477573
-0.605186 0.326153
-0.495438 0.326153
-0.559915 0.326153
-0.630035 0.326153
0.117143 0.767474
0.37773 0.333807
0.785566 0.333807
0.807187 0.333807
0.19795 0.767474
0.242963 0.767474
-0.139894 0.767474
0.277949 0.767474
-0.579964 0.326153
0.764657 0.333807
0.336599 0.333807
0.438293 0.333807
-0.491693 0.326153
0.127704 0.767474
0.247906 0.767474
0.714266 0.333807
0.141663 0.767474
0.0954254 0.767474
-0.292187 0.767474
0.527758 0.333807
-0.128658 0.767474
0.445166 0.333807
-0.709044 0.326153
0.623114 0.333807
0.251325 0.767474
-0.683714 0.326153
-0.0851734 0.767474
-0.226679 0.767474
0.0968869 0.767474
0.172481 0.767474
-0.613378 0.326153
0.361634 0.333807
-0.200465 0.767474
0.656823 0.333807
-1.01782 0.0477573
0.129863 0.767474
-0.467298 0.326153
0.103384 0.767474
0.175689 0.767474
0.362983 0.333807
-0.502374 0.326153
-0.0671431 0.767474
-0.609498 0.326153
-0.334013 0.767474
-0.0366343 0.767474
0.51565 0.333807
-0.24945 0.767474
0.238668 0.767474
0.513499 0.333807
0.212801 0.767474
0.394309 0.333807
-0.249639 0.767474
0.887633 0.333807
-0.671734 0.326153
-0.543487 0.326153
0.468331 0.333807
-0.352169 0.326153
-0.433669 0.326153
-0.504522 0.326153
0.204264 0.767474
-0.161018 0.767474
1.00783 0.0523229
0.241767 0.767474
0.601602 0.333807
-0.349119 0.326153
-0.0571906 0.767474
0.431817 0.333807
-0.201675 0.767474
0.748798 0.333807
-1.01186 0.0477573
0.138802 0.767474
0.398976 0.333807
-0.10779 0.767474
1.12271 0.0523229
-0.261463 0.767474
1.8867 0.00617534
0.679804 0.333807
0.228994 0.767474
0.313648 0.767474
0.256378 0.767474
0.39607 0.333807
0.520027 0.333807
-0.111326 0.767474
-0.440623 0.326153
-0.399696 0.326153
0.153445 0.767474
-0.322816 0.767474
-1.3808 0.0477573
-0.46131 0.326153
0.448608 0.333807
-0.0226618 0.767474
0.184393 0.767474
0.298172 0.767474
-0.159789 0.767474
-1.12326 0.0477573
0.0981233 0.767474
-0.379816 0.326153
-0.0599277 0.767474
0.608606 0.333807
0.660207 0.333807
0.145492 0.767474
-0.240038 0.767474
0.208565 0.767474
-0.164166 0.767474
0.975071 0.0523229
-0.813778 0.326153
-0.372483 0.326153
0.763058 0.333807
0.0794538 0.767474
-0.310253 0.767474
0.377855 0.333807
0.300997 0.767474
-0.983991 0.326153
0.97302 0.0523229
-0.728454 0.326153
0.0859651 0.767474
-0.771737 0.326153
0.0967207 0.767474
0.49524 0.333807
0.383776 0.333807
0.322086 0.333807
-0.742744 0.326153
-0.384496 0.326153
0.532982 0.333807
-0.561669 0.326153
-0.155865 0.767474
0.687383 0.333807
0.0748182 0.767474
0.672922 0.333807
-0.59266 0.326153
0.27611 0.767474
0.312823 0.767474
1.06171 0.0523229
0.0398038 0.767474
0.868662 0.333807
0.101317 0.767474
-0.0386018 0.767474
0.0551032 0.767474
0.0902217 0.767474
0.245128 0.767474
0.156517 0.767474
1.56746 0.0523229
0.863314 0.333807
-0.17817 0.767474
0.0502433 0.767474
0.279993 0.767474
0.167746 0.767474
0.13933 0.767474
0.157796 0.767474
0.542043 0.333807
-0.0333754 0.767474
-0.218901 0.767474
0.155017 0.767474
-0.71381 0.326153
0.201348 0.767474
0.43415 0.333807
-0.181661 0.767474
-1.37238 0.0477573
-0.0195648 0.767474
0.179511 0.767474
0.630688 0.333807
0.171986 0.767474
-0.267007 0.767474
0.144258 0.767474
-0.430329 0.326153
0.513169 0.333807
-0.106176 0.767474
0.45351 0.333807
0.0776187 0.767474
1.32015 0.0523229
-0.20478 0.767474
0.45004 0.333807
0.0836081 0.767474
-0.123662 0.767474
1.04018 0.0523229
-0.0670233 0.767474
-0.593041 0.326153
-0.22152 0.767474
0.585218 0.333807
-0.00240456 0.767474
-0.168122 0.767474
0.404151 0.333807
0.0607309 0.767474
0.91369 0.333807
1.12088 0.0523229
0.834163 0.333807
0.812078 0.333807
-0.0791619 0.767474
0.611602 0.333807
2.92116 0
0.436491 0.333807
0.550576 0.333807
-0.368868 0.326153
1.42488 0.0523229
-0.430074 0.326153
-0.762507 0.326153
0.350773 0.333807
0.643528 0.333807
-0.330734 0.767474
0.355814 0.333807
0.261784 0.767474
0.708483 0.333807
0.119802 0.767474
0.172329 0.767474
0.129393 0.767474
-0.098074 0.767474
0.414112 0.333807
-0.328919 0.767474
-0.298017 0.767474
0.728156 0.333807
-0.331337 0.767474
0.549478 0.333807
-0.300358 0.767474
0.504144 0.333807
0.714003 0.333807
-0.640527 0.326153
0.374498 0.333807
-0.384623 0.326153
-0.605538 0.326153
-0.61096 0.326153
0.261162 0.767474
-0.445026 0.326153
-0.269943 0.767474
0.129532 0.767474
-0.120917 0.767474
-0.000201005 0.767474
-1.43044 0.0477573
-1.1521 0.0477573
-0.220947 0.767474
0.384007 0.333807
0.10583 0.767474
-0.222276 0.767474
-0.323343 0.767474
-0.392919 0.326153
0.152875 0.767474
-0.0887442 0.767474
-0.0373463 0.767474
-0.371312 0.326153
-0.721672 0.326153
1.08526 0.0523229
0.471259 0.333807
0.106439 0.767474
0.20995 0.767474
-0.0324279 0.767474
0.0695152 0.767474
-0.2629 0.767474
0.530578 0.333807
0.400265 0.333807
1.15096 0.0523229
-0.333785 0.767474
0.150811 0.767474
-0.657889 0.326153
0.161865 0.767474
0.423877 0.333807
1.08668 0.0523229
-0.0322907 0.767474
-0.528199 0.326153
0.522597 0.333807
-0.0776362 0.767474
-0.652286 0.326153
-0.354199 0.326153
0.317324 0.333807
0.444205 0.333807
-0.0996461 0.767474
-0.923604 0.326153
0.472504 0.333807
0.00743987 0.767474
0.237627 0.767474
-0.491043 0.326153
0.340706 0.333807
0.183361 0.767474
-0.139726 0.767474
-0.0253026 0.767474
0.151211 0.767474
-0.155246 0.767474
-0.666097 0.326153
0.633444 0.333807
-0.401946 0.326153
0.672364 0.333807
-0.278037 0.767474
-0.0958646 0.767474
-0.290542 0.767474
-0.629493 0.326153
-0.935995 0.326153
0.257795 0.767474
-0.423719 0.326153
-0.0503896 0.767474
0.160552 0.767474
-0.475506 0.326153
0.658195 0.333807
0.422573 0.333807
1.26976 0.0523229
-0.0686667 0.767474
0.896472 0.333807
-1.10436 0.0477573
1.30938 0.0523229
-0.134087 0.767474
-0.0885379 0.767474
0.964515 0.333807
-0.328139 0.767474
-0.16352 0.767474
-0.388289 0.326153
-0.00699039 0.767474
0.305218 0.767474
0.658846 0.333807
-0.252353 0.767474
0.304251 0.767474
-0.110025 0.767474
-0.834088 0.326153
0.0831551 0.767474
-0.714205 0.326153
-1.25251 0.0477573
0.430282 0.333807
-0.678527 0.326153
-0.299378 0.767474
0.942718 0.333807
-0.631951 0.326153
-0.596868 0.326153
-0.115233 0.767474
0.542471 0.333807
-0.252924 0.767474
-0.330977 0.767474
-0.646197 0.326153
0.473875 0.333807
0.302311 0.767474
-1.56151 0.0477573
-0.574809 0.326153
-1.71116 0.00156031
0.0453761 0.767474
-0.906225 0.326153
-0.590248 0.326153
0.425874 0.333807
-0.896981 0.326153
-0.127428 0.767474
-1.14273 0.0477573
0.229192 0.767474
0.581711 0.333807
-0.616301 0.326153
-0.129801 0.767474
0.012413 0.767474
0.078275 0.767474
-0.150713 0.767474
0.0921438 0.767474
-0.808657 0.326153
-0.489461 0.326153
-0.108471 0.767474
0.16855 0.767474
0.65096 0.333807
-0.822317 0.326153
-0.591565 0.326153
0.477246 0.333807
-0.371845 0.326153
-0.741787 0.326153
-0.0831961 0.767474
0.176515 0.767474
0.76183 0.333807
-0.455916 0.326153
-0.76203 0.326153
0.16451 0.767474
-0.101012 0.767474
-0.241855 0.767474
-0.397684 0.326153
-1.22509 0.0477573
0.953157 0.333807
-0.448047 0.326153
0.670405 0.333807
0.116645 0.767474
0.690641 0.333807
-0.467819 0.326153
-0.111706 0.767474
-0.190709 0.767474
0.966559 0.333807
-0.591451 0.326153
-0.554995 0.326153
-0.637192 0.326153
-1.19379 0.0477573
-0.573248 0.326153
0.557834 0.333807
0.0703713 0.767474
-0.160692 0.767474
0.123841 0.767474
-0.641943 0.326153
-0.0744592 0.767474
-0.570795 0.326153
-0.553015 0.326153
-0.754536 0.326153
0.0381383 0.767474
-0.498642 0.326153
-0.27141 0.767474
-0.0245168 0.767474
0.823642 0.333807
0.504635 0.333807
0.691539 0.333807
-0.228389 0.767474
0.0704542 0.767474
0.202149 0.767474
-0.28089 0.767474
0.521409 0.333807
0.331391 0.333807
-1.14073 0.0477573
0.882659 0.333807
0.41637 0.333807
0.122542 0.767474
-0.717097 0.326153
0.114778 0.767474
-0.828674 0.326153
0.111543 0.767474
-0.42162 0.326153
1.11592 0.0523229
0.834119 0.333807
0.254696 0.767474
-0.601628 0.326153
-0.369142 0.326153
-0.0837406 0.767474
-0.249811 0.767474
0.170306 0.767474
-0.301555 0.767474
0.319263 0.333807
-0.467439 0.326153
-0.159104 0.767474
-0.270231 0.767474
-0.0475829 0.767474
-0.288894 0.767474
0.0200734 0.767474
-0.18716 0.767474
0.0733517 0.767474
0.677037 0.333807
0.254486 0.767474
-1.00793 0.0477573
0.817425 0.333807
-0.283499 0.767474
0.929614 0.333807
-0.327659 0.767474
-0.445751 0.326153
0.30299 0.767474
-0.290392 0.767474
0.348396 0.333807
0.0686162 0.767474
0.411781 0.333807
0.306894 0.767474
-0.978471 0.326153
-1.18137 0.0477573
0.072903 0.767474
0.341936 0.333807
0.586926 0.333807
-0.119671 0.767474
-0.130735 0.767474
0.146978 0.767474
1.42553 0.0523229
-0.0432833 0.767474
0.0419041 0.767474
-0.402039 0.326153
-0.250629 0.767474
-0.37231 0.326153
-0.31591 0.767474
1.05803 0.0523229
0.169905 0.767474
-0.392768 0.326153
-0.367718 0.326153
-0.313118 0.767474
0.0501451 0.767474
-0.284146 0.767474
0.540054 0.333807
-0.687185 0.326153
0.41388 0.333807
-0.254338 0.767474
0.00369569 0.767474
0.598162 0.333807
-0.294299 0.767474
-0.0168316 0.767474
0.0835187 0.767474
0.161027 0.767474
-1.11508 0.0477573
-0.560578 0.326153
0.60521 0.333807
0.777037 0.333807
0.256967 0.767474
0.983705 0.0523229
1.09264 0.0523229
-0.495895 0.326153
0.181047 0.767474
0.0553705 0.767474
-0.368432 0.326153
0.732126 0.333807
0.466592 0.333807
-0.0361583 0.767474
-0.0340701 0.767474
0.998338 0.0523229
-0.178426 0.767474
-0.190769 0.767474
0.510155 0.333807
-0.271641 0.767474
0.593492 0.333807
-0.0253424 0.767474
0.495639 0.333807
-0.132919 0.767474
0.501662 0.333807
-0.203731 0.767474
-3.59095 0
-0.826148 0.326153
0.800057 0.333807
-0.0566588 0.767474
-0.195007 0.767474
-0.569426 0.326153
0.588005 0.333807
0.0247117 0.767474
0.327577 0.333807
-0.810954 0.326153
-0.436147 0.326153
-0.0721244 0.767474
-0.000606856 0.767474
-0.386933 0.326153
-1.26591 0.0477573
-0.296788 0.767474
1.07315 0.0523229
-0.0380652 0.767474
-0.000606537 0.767474
0.474076 0.333807
0.331657 0.333807
-0.794594 0.326153
-0.159966 0.767474
-0.215417 0.767474
-0.341354 0.326153
0.984466 0.0523229
-1.03313 0.0477573
-0.306866 0.767474
0.000141655 0.767474
0.232704 0.767474
0.0896572 0.767474
0.316115 0.767474
0.305916 0.767474
0.0404624 0.767474
0.492349 0.333807
0.109609 0.767474
1.54325 0.0523229
-0.140109 0.767474
0.668412 0.333807
-0.438763 0.326153
-0.51968 0.326153
-0.570244 0.326153
-0.29294 0.767474
0.234522 0.767474
0.147869 0.767474
0.752314 0.333807
1.35383 0.0523229
-0.0654551 0.767474
-0.689712 0.326153
-0.197477 0.767474
-0.680667 0.326153
0.251955 0.767474
-0.53006 0.326153
-0.720792 0.326153
0.301337 0.767474
0.99294 0.0523229
-0.54844 0.326153
-0.139281 0.767474
0.283349 0.767474
-0.421068 0.326153
1.22164 0.0523229
-0.199637 0.767474
-0.857708 0.326153
-0.230347 0.767474
-0.359924 0.326153
0.150715 0.767474
-0.0449127 0.767474
-0.514501 0.326153
0.58728 0.333807
0.257798 0.767474
-0.115097 0.767474
0.415856 0.333807
-0.180093 0.767474
0.170142 0.767474
-0.211423 0.767474
0.08267 0.767474
0.816563 0.333807
-0.847876 0.326153
0.0954413 0.767474
-0.106983 0.767474
-0.419316 0.326153
0.248479 0.767474
-0.0201183 0.767474
-0.956139 0.326153
-0.152925 0.767474
0.372619 0.333807
0.156261 0.767474
0.0638936 0.767474
0.0378774 0.767474
-0.101815 0.767474
0.647811 0.333807
0.32796 0.333807
-0.448564 0.326153
-0.325054 0.767474
-0.0149378 0.767474
0.490921 0.333807
-0.182807 0.767474
-0.72171 0.326153
-0.0377563 0.767474
-0.215805 0.767474
0.0116433 0.767474
0.233641 0.767474
0.199568 0.767474
0.0365298 0.767474
-0.246308 0.767474
-0.0276307 0.767474
-0.203373 0.767474
0.549666 0.333807
-0.44024 0.326153
-0.852091 0.326153
-0.0842621 0.767474
0.16376 0.767474
0.249265 0.767474
0.251435 0.767474
0.782763 0.333807
0.854885 0.333807
-0.254443 0.767474
-0.486283 0.326153
0.544749 0.333807
-0.769157 0.326153
0.633199 0.333807
-0.67702 0.326153
-0.582433 0.326153
-0.101305 0.767474
0.0844136 0.767474
0.267227 0.767474
-0.192405 0.767474
0.114552 0.767474
0.161758 0.767474
0.0529102 0.767474
-0.541851 0.326153
0.0969711 0.767474
-0.0677873 0.767474
-0.171121 0.767474
-0.657576 0.326153
0.229527 0.767474
0.241881 0.767474
1.35741 0.0523229
-0.140725 0.767474
-0.597744 0.326153
0.504959 0.333807
0.570399 0.333807
-0.233799 0.767474
0.866478 0.333807
-0.0221816 0.767474
0.188774 0.767474
-0.480206 0.326153
-0.19004 0.767474
-0.151997 0.767474
-0.726153 0.326153
0.240085 0.767474
0.0181154 0.767474
0.435797 0.333807
0.167296 0.767474
0.00198628 0.767474
0.151894 0.767474
-1.24484 0.0477573
-0.817993 0.326153
-0.0283255 0.767474
0.00402981 0.767474
0.149783 0.767474
-0.354141 0.326153
-0.0246928 0.767474
0.65473 0.333807
0.209167 0.767474
0.718165 0.333807
-0.192045 0.767474
0.444161 0.333807
0.310981 0.767474
-0.519966 0.326153
0.0655744 0.767474
0.713812 0.333807
-0.588755 0.326153