-0.421965 0.362283
0.118188 0.734623
0.407591 0.734623
0.771739 0.225197
-1.12194 0.0509488
0.158371 0.734623
0.633531 0.225197
-0.609569 0.362283
-0.465988 0.362283
-0.738373 0.362283
0.408748 0.734623
-1.35667 0.0509488
-0.378049 0.362283
-1.58275 0.0509488
-0.410348 0.362283
0.594663 0.225197
-0.0259037 0.734623
0.470042 0.225197
-1.08462 0.0509488
0.00761203 0.734623
0.133352 0.734623
-0.640747 0.362283
0.199221 0.734623
-0.429641 0.362283
0.491426 0.225197
0.286917 0.734623
-0.763962 0.362283
0.424172 0.734623
0.234398 0.734623
1.15297 0.0297547
-1.72182 0.00282894
0.233167 0.734623
-0.896689 0.362283
-0.247999 0.734623
0.525528 0.225197
-0.506403 0.362283
-0.250601 0.734623
0.581396 0.225197
-0.567523 0.362283
-0.53172 0.362283
1.0789 0.225197
0.130877 0.734623
-0.101835 0.734623
-0.0098953 0.734623
-0.402596 0.362283
-0.463837 0.362283
0.117977 0.734623
-1.29322 0.0509488
-0.236377 0.734623
-1.0034 0.0509488
-0.128828 0.734623
0.170565 0.734623
-1.04547 0.0509488
0.66834 0.225197
0.346717 0.734623
1.2294 0.0297547
0.174694 0.734623
-0.546811 0.362283
-0.0614758 0.734623
-0.186123 0.734623
-1.88219 0.00282894
-0.379135 0.362283
-0.152009 0.734623
-0.743832 0.362283
-0.306965 0.362283
-0.815087 0.362283
-0.757736 0.362283
0.102842 0.734623
-0.0625693 0.734623
0.105047 0.734623
-0.155338 0.734623
-0.133777 0.734623
0.0731492 0.734623
-0.813969 0.362283
0.0620177 0.734623
0.50008 0.225197
0.0127796 0.734623
0.47377 0.225197
0.255694 0.734623
-0.575531 0.362283
-1.54965 0.0509488
0.177823 0.734623
-0.221991 0.734623
-0.274651 0.362283
-1.12454 0.0509488
-0.204673 0.734623
0.461242 0.225197
-0.361611 0.362283
0.0326705 0.734623
0.0947764 0.734623
0.137965 0.734623
-0.655998 0.362283
-1.00751 0.0509488
2.13054 0.00283546
0.25282 0.734623
0.198424 0.734623
-0.266084 0.734623
0.282724 0.734623
0.108589 0.734623
0.116169 0.734623
0.541958 0.225197
0.254674 0.734623
-0.0629262 0.734623
-0.508399 0.362283
0.799991 0.225197
-0.709885 0.362283
0.797359 0.225197
-0.395066 0.362283
-0.151002 0.734623
1.41397 0.0297547
0.427944 0.734623
0.00805834 0.734623
-0.161019 0.734623
0.410717 0.734623
0.460262 0.225197
0.0385921 0.734623
0.102913 0.734623
0.0437266 0.734623
-0.937545 0.362283
-0.28816 0.362283
-0.74647 0.362283
-0.0349461 0.734623
-0.199764 0.734623
-0.458469 0.362283
-0.784896 0.362283
0.104541 0.734623
-0.182161 0.734623
0.688071 0.225197
-0.561344 0.362283
1.15424 0.0297547
0.274127 0.734623
-0.0811338 0.734623
0.0107621 0.734623
-0.0195875 0.734623
-0.10615 0.734623
0.174161 0.734623
-0.420788 0.362283
0.182271 0.734623
-0.652793 0.362283
-0.228602 0.734623
0.463926 0.225197
0.0996773 0.734623
0.284166 0.734623
-0.107176 0.734623
0.383097 0.734623
-0.549758 0.362283
-0.355662 0.362283
0.214012 0.734623
-1.56564 0.0509488
1.59662 0.0297547
0.0205332 0.734623
0.645773 0.225197
1.26889 0.0297547
-0.0254354 0.734623
-0.0482253 0.734623
-0.228824 0.734623
-0.406135 0.362283
-1.08976 0.0509488
-0.134802 0.734623
0.0322652 0.734623
-0.0740695 0.734623
-0.482598 0.362283
-0.307846 0.362283
1.30971 0.0297547
-1.14078 0.0509488
-0.493438 0.362283
0.252663 0.734623
-0.637568 0.362283
-1.03135 0.0509488
0.000480678 0.734623
0.0585938 0.734623
0.0146747 0.734623
0.203841 0.734623
-0.0378401 0.734623
0.656746 0.225197
0.11146 0.734623
0.609595 0.225197
-0.483885 0.362283
-0.380601 0.362283
-0.184564 0.734623
-0.00153639 0.734623
-0.276966 0.362283
0.770909 0.225197
-0.0465911 0.734623
0.328313 0.734623
0.152576 0.734623
0.647597 0.225197
0.499784 0.225197
0.438384 0.225197
-0.261226 0.734623
0.235873 0.734623
-0.405847 0.362283
0.0591334 0.734623
-0.507305 0.362283
-0.0741765 0.734623
-1.00008 0.0509488
0.136496 0.734623
-0.367828 0.362283
-0.528101 0.362283
-0.0891134 0.734623
0.801995 0.225197
-0.725436 0.362283
0.425637 0.734623
0.0362591 0.734623
-0.465281 0.362283
-0.0276971 0.734623
0.284949 0.734623
-0.611608 0.362283
0.0415452 0.734623
-0.347575 0.362283
0.491987 0.225197
-0.0987622 0.734623
0.414599 0.734623
-0.318632 0.362283
-0.457888 0.362283
0.435985 0.734623
0.220505 0.734623
0.634296 0.225197
-0.847915 0.362283
-0.73261 0.362283
0.0393614 0.734623
-0.417533 0.362283
-0.0561027 0.734623
0.284842 0.734623
0.74142 0.225197
0.140798 0.734623
0.0162412 0.734623
0.262221 0.734623
0.35677 0.734623
0.409377 0.734623
0.659724 0.225197
-1.1434 0.0509488
-0.267674 0.734623
-0.255482 0.734623
-0.437736 0.362283
-0.391889 0.362283
-0.743947 0.362283
0.856918 0.225197
-0.586386 0.362283
-0.0263266 0.734623
0.855733 0.225197
-0.130751 0.734623
-0.44194 0.362283
-0.476143 0.362283
-0.523528 0.362283
-0.24083 0.734623
-0.592639 0.362283
0.171807 0.734623
-0.497897 0.362283
1.45821 0.0297547
0.115753 0.734623
-0.406183 0.362283
0.374333 0.734623
0.00747516 0.734623
-0.756707 0.362283
-0.191577 0.734623
0.200026 0.734623
-0.323174 0.362283
-0.529324 0.362283
-0.201783 0.734623
0.209701 0.734623
-0.896432 0.362283
0.3732 0.734623
0.82015 0.225197
0.193352 0.734623
0.410039 0.734623
-0.669843 0.362283
-1.25439 0.0509488
0.430942 0.734623
0.504224 0.225197
0.201548 0.734623
-0.5515 0.362283
0.244023 0.734623
-0.285824 0.362283
0.790603 0.225197
0.739185 0.225197
0.627121 0.225197
0.405724 0.734623
-1.17087 0.0509488
0.00611234 0.734623
-0.295872 0.362283
-0.441768 0.362283
1.51485 0.0297547
0.239021 0.734623
0.20114 0.734623
0.785456 0.225197
0.926801 0.225197
-0.961464 0.362283
0.0268077 0.734623
-0.0520267 0.734623
0.261221 0.734623
-0.238975 0.734623
1.38108 0.0297547
-0.213149 0.734623
1.60746 0.0297547
0.648561 0.225197
0.572115 0.225197
-0.341553 0.362283
0.669085 0.225197
-0.316274 0.362283
-0.786499 0.362283
0.587355 0.225197
-0.635316 0.362283
-0.24179 0.734623
0.232338 0.734623
-0.0599534 0.734623
0.244964 0.734623
0.196728 0.734623
0.0677516 0.734623
-0.568239 0.362283
-0.0478044 0.734623
-0.245188 0.734623
-0.233628 0.734623
0.0534763 0.734623
-1.48584 0.0509488
-0.438634 0.362283
0.729872 0.225197
-0.0977763 0.734623
0.541559 0.225197
-0.259699 0.734623
0.370327 0.734623
-1.1125 0.0509488
0.0158094 0.734623
-0.448895 0.362283
1.2291 0.0297547
-0.548413 0.362283
-0.0407493 0.734623
-0.0807372 0.734623
0.357927 0.734623
0.436958 0.734623
0.539521 0.225197
-0.134372 0.734623
-0.7146 0.362283
1.07245 0.225197
-0.49441 0.362283
-0.131306 0.734623
0.195642 0.734623
0.72812 0.225197
0.0536603 0.734623
0.416023 0.734623
0.247908 0.734623
0.448198 0.225197
-0.3654 0.362283
1.31207 0.0297547
-0.15247 0.734623
-0.437196 0.362283
-1.23273 0.0509488
0.101746 0.734623
0.191176 0.734623
0.988021 0.225197
-0.729029 0.362283
0.449693 0.225197
0.388764 0.734623
-0.143752 0.734623
-0.0716471 0.734623
-0.0665365 0.734623
-0.275473 0.362283
0.645916 0.225197
-0.681689 0.362283
-0.349631 0.362283
-0.8902 0.362283
0.301049 0.734623
-0.940102 0.362283
0.416217 0.734623
0.90499 0.225197
0.0976381 0.734623
-1.33096 0.0509488
0.0528809 0.734623
-0.186769 0.734623
1.06223 0.225197
0.0592473 0.734623
-0.24778 0.734623
-0.316178 0.362283
-1.40268 0.0509488
-0.343593 0.362283
-0.284321 0.362283
0.303369 0.734623
-0.686829 0.362283
-0.0529031 0.734623
-0.64373 0.362283
-0.118041 0.734623
-0.386748 0.362283
0.825758 0.225197
0.618497 0.225197
0.211921 0.734623
0.00113634 0.734623
1.45229 0.0297547
0.5113 0.225197
0.605609 0.225197
-0.860623 0.362283
0.588566 0.225197
0.368418 0.734623
-0.0118759 0.734623
0.367766 0.734623
-0.500974 0.362283
-0.0843957 0.734623
0.426191 0.734623
0.113754 0.734623
0.476986 0.225197
-0.174843 0.734623
-0.151878 0.734623
0.852067 0.225197
0.0506838 0.734623
0.395437 0.734623
-0.143898 0.734623
-1.06506 0.0509488
0.541568 0.225197
0.537874 0.225197
1.1158 0.225197
1.0659 0.225197
-1.48267 0.0509488
-0.641928 0.362283
1.12834 0.225197
-0.309249 0.362283
-0.753377 0.362283
-0.31115 0.362283
0.784457 0.225197
1.21441 0.0297547
-0.256246 0.734623
0.100343 0.734623
0.15063 0.734623
-0.0609558 0.734623
-0.73994 0.362283
0.475963 0.225197
0.334282 0.734623
0.207659 0.734623
0.012594 0.734623
0.280685 0.734623
-0.722413 0.362283
0.357952 0.734623
0.245072 0.734623
0.509815 0.225197
0.453412 0.225197
-0.438093 0.362283
-0.0207544 0.734623
0.18404 0.734623
0.141209 0.734623
1.44945 0.0297547
-0.398713 0.362283
-0.140585 0.734623
-0.650327 0.362283
0.361236 0.734623
-0.131102 0.734623
-0.59895 0.362283
0.76593 0.225197
0.419998 0.734623
0.220563 0.734623
-0.190931 0.734623
0.407736 0.734623
-0.00180384 0.734623
-0.280206 0.362283
-0.0721818 0.734623
-0.326662 0.362283
0.0927496 0.734623
-0.111497 0.734623
0.149131 0.734623
-0.351468 0.362283
0.178504 0.734623
-0.59848 0.362283
0.0861056 0.734623
-0.209622 0.734623
-0.603237 0.362283
-0.125512 0.734623
0.322498 0.734623
0.0785516 0.734623
0.662272 0.225197
-0.00089968 0.734623
-0.112805 0.734623
-0.716578 0.362283
-0.227752 0.734623
-0.634435 0.362283
0.103135 0.734623
-0.115758 0.734623
0.316078 0.734623
-0.374706 0.362283
-0.947746 0.362283
0.82913 0.225197
-0.252535 0.734623
1.31989 0.0297547
0.320398 0.734623
0.117994 0.734623
0.993245 0.225197
0.0400807 0.734623
0.297781 0.734623
0.358748 0.734623
0.0868885 0.734623
0.24588 0.734623
-0.355553 0.362283
0.54997 0.225197
-0.544695 0.362283
1.31554 0.0297547
0.410842 0.734623
-0.505112 0.362283
-0.147541 0.734623
0.311283 0.734623
-0.409247 0.362283
-0.452025 0.362283
-0.555481 0.362283
0.147779 0.734623
0.0877085 0.734623
-0.0524731 0.734623
-0.112822 0.734623
0.31502 0.734623
-0.637233 0.362283
-0.173658 0.734623
0.136652 0.734623
-0.121207 0.734623
-0.157737 0.734623
-0.406279 0.362283
-0.072361 0.734623
0.136359 0.734623
0.0206519 0.734623
0.795857 0.225197
0.287266 0.734623
0.199834 0.734623
-0.427914 0.362283
0.481816 0.225197
0.485467 0.225197
0.586792 0.225197
0.537308 0.225197
-0.114139 0.734623
0.155694 0.734623
0.267702 0.734623
-0.13708 0.734623
-0.389846 0.362283
-0.0960129 0.734623
0.354796 0.734623
-0.168238 0.734623
-0.448388 0.362283
-1.67723 0.0509488
-0.20608 0.734623
1.27635 0.0297547
-0.400839 0.362283
0.567823 0.225197
-0.58856 0.362283
0.0445916 0.734623
-0.0968754 0.734623
0.152572 0.734623
0.0317213 0.734623
-0.745616 0.362283
-0.968164 0.362283
-0.0903368 0.734623
0.365885 0.734623
0.409113 0.734623
-1.00125 0.0509488
-0.0697046 0.734623
-0.151311 0.734623
0.286712 0.734623
-0.664327 0.362283
0.339528 0.734623
0.144795 0.734623
-0.220486 0.734623
-0.397136 0.362283
0.477414 0.225197
1.07664 0.225197
0.122815 0.734623
0.478355 0.225197
-1.82084 0.00282894
0.00591589 0.734623
0.652255 0.225197
0.013918 0.734623
0.0414525 0.734623
-0.539093 0.362283
1.43736 0.0297547
-0.332483 0.362283
-0.116869 0.734623
-0.0664816 0.734623
-0.421884 0.362283
0.813282 0.225197
0.558725 0.225197
0.499211 0.225197
0.624977 0.225197
-0.529863 0.362283
-0.878346 0.362283
-0.0276712 0.734623
0.349161 0.734623
-0.202856 0.734623
-0.551866 0.362283
-0.0656622 0.734623
-0.731766 0.362283
-0.283437 0.362283
-0.127571 0.734623
0.404936 0.734623
-0.628584 0.362283
-0.39237 0.362283
0.0233461 0.734623
0.298376 0.734623
-0.0676971 0.734623
0.476403 0.225197
0.111093 0.734623
-0.155699 0.734623
0.408724 0.734623
0.679235 0.225197
0.285596 0.734623
-0.789933 0.362283
-0.16286 0.734623
1.40924 0.0297547
-0.286316 0.362283
-0.324989 0.362283
-0.580253 0.362283
0.0915084 0.734623
0.101894 0.734623
-0.0706717 0.734623
-0.00793946 0.734623
0.257284 0.734623
0.218349 0.734623
-0.749848 0.362283
0.271277 0.734623
0.405755 0.734623
1.05101 0.225197
-1.8026 0.00282894
-0.390343 0.362283
0.324284 0.734623
0.00747539 0.734623
-0.172113 0.734623
-0.144268 0.734623
0.325064 0.734623
-0.976307 0.362283
-0.0730583 0.734623
-0.246727 0.734623
0.22995 0.734623
0.671395 0.225197
0.275474 0.734623
-0.100185 0.734623
-0.880161 0.362283
0.147197 0.734623
-0.701058 0.362283
-0.0542323 0.734623
0.127203 0.734623
-0.161981 0.734623
0.381714 0.734623
-0.00358752 0.734623
0.306552 0.734623
-0.113158 0.734623
0.932793 0.225197
0.0801121 0.734623
-0.56434 0.362283
-0.209305 0.734623
-0.433972 0.362283
-0.0025919 0.734623
-0.201707 0.734623
-0.6391 0.362283
-0.749526 0.362283
-0.0883662 0.734623
0.0727737 0.734623
0.305986 0.734623
-0.128968 0.734623
0.128972 0.734623
0.480394 0.225197
0.48895 0.225197
-0.588639 0.362283
0.520504 0.225197
0.406661 0.734623
0.419461 0.734623
0.406474 0.734623
0.239994 0.734623
-0.268037 0.734623
0.420048 0.734623
-1.0502 0.0509488
-0.398279 0.362283
-0.464594 0.362283
0.175647 0.734623
0.632401 0.225197
-0.327725 0.362283
-0.402544 0.362283
0.490687 0.225197
-0.294297 0.362283
0.318287 0.734623
0.18581 0.734623
0.390696 0.734623
-0.268842 0.734623
-0.830948 0.362283
0.70209 0.225197
0.424442 0.734623
0.0671631 0.734623
-0.232426 0.734623
-0.855202 0.362283
0.793869 0.225197
0.263281 0.734623
0.494894 0.225197
1.02874 0.225197
0.662613 0.225197
0.158121 0.734623
0.394584 0.734623
-0.406316 0.362283
0.211068 0.734623
-0.399981 0.362283
0.152541 0.734623
0.169714 0.734623
0.11416 0.734623
0.870673 0.225197
0.561673 0.225197
0.0620904 0.734623
-0.545008 0.362283
-1.06171 0.0509488
0.583347 0.225197
0.320545 0.734623
0.0666957 0.734623
-0.215591 0.734623
-0.273919 0.362283
-0.9371 0.362283
0.370441 0.734623
-0.219137 0.734623
-1.01065 0.0509488
0.995606 0.225197
-1.32484 0.0509488
0.277361 0.734623
0.262652 0.734623
-0.704673 0.362283
-0.198626 0.734623
-0.202039 0.734623
-0.326159 0.362283
0.834706 0.225197
1.13873 0.225197
0.0573123 0.734623
-1.42438 0.0509488
-0.160802 0.734623
0.668169 0.225197
-0.716291 0.362283
0.388988 0.734623
0.10381 0.734623
0.106635 0.734623
0.799823 0.225197
1.54587 0.0297547
0.867217 0.225197
-0.371666 0.362283
0.36927 0.734623
-0.0848981 0.734623
-0.398062 0.362283
0.07128 0.734623
-0.131582 0.734623
0.195278 0.734623
0.283469 0.734623
-0.472432 0.362283
0.184697 0.734623
1.37111 0.0297547
-1.14486 0.0509488
1.03434 0.225197
-0.728672 0.362283
-0.21817 0.734623
-0.347862 0.362283
-0.696019 0.362283
0.387818 0.734623
0.995116 0.225197
-1.78422 0.00282894
1.13963 0.225197
-1.04014 0.0509488
-0.0996258 0.734623
-0.727947 0.362283
-0.536137 0.362283
0.183155 0.734623
0.474956 0.225197
0.0988316 0.734623
-0.8346 0.362283
0.805251 0.225197
0.00161999 0.734623
-0.0279023 0.734623
-0.374791 0.362283
-0.452045 0.362283
-0.208193 0.734623
-0.513246 0.362283
-0.458707 0.362283
0.774383 0.225197
0.588132 0.225197
-1.60306 0.0509488
0.423483 0.734623
0.87399 0.225197
0.24668 0.734623
0.382017 0.734623
-0.657016 0.362283
0.0898391 0.734623
-0.0311574 0.734623
0.335689 0.734623
0.289949 0.734623
-0.290948 0.362283
-0.625209 0.362283
-0.334369 0.362283
0.284663 0.734623
0.0810617 0.734623
0.530827 0.225197
-1.24524 0.0509488
0.539262 0.225197
-0.0190404 0.734623
-0.330977 0.362283
-0.701251 0.362283
0.292843 0.734623
-0.160905 0.734623
-1.77258 0.00282894
0.539292 0.225197
-0.333398 0.362283
-0.289757 0.362283
-0.0961999 0.734623
1.3778 0.0297547
-0.0864399 0.734623
-0.0911483 0.734623
0.0117149 0.734623
-0.709833 0.362283
0.399277 0.734623
-0.404105 0.362283
-0.659141 0.362283
0.431694 0.734623
0.063243 0.734623
0.611133 0.225197
-0.784678 0.362283
0.868838 0.225197
-0.154293 0.734623
0.0343907 0.734623
-0.16828 0.734623
0.516049 0.225197
-0.248165 0.734623
-0.403487 0.362283
-0.931596 0.362283
0.518579 0.225197
0.712427 0.225197
0.187948 0.734623
-0.0269713 0.734623
0.0212612 0.734623
-0.421693 0.362283
-0.0695104 0.734623
0.0404978 0.734623
-0.0498386 0.734623
-0.19365 0.734623
0.193214 0.734623
0.949587 0.225197
-0.615871 0.362283
0.0146042 0.734623
0.228994 0.734623
0.971427 0.225197
-0.163792 0.734623
0.413901 0.734623
-0.521638 0.362283
0.32184 0.734623
1.32961 0.0297547
0.37734 0.734623
-0.0222643 0.734623
-0.996492 0.0509488
0.267981 0.734623
0.803139 0.225197
0.167184 0.734623
0.460641 0.225197
-0.12398 0.734623
0.718238 0.225197
0.316072 0.734623
0.555434 0.225197
-0.0116035 0.734623
0.159719 0.734623
-0.0156552 0.734623
0.415508 0.734623
0.736777 0.225197
-0.180898 0.734623
0.679314 0.225197
-0.105168 0.734623
-0.424483 0.362283
0.0049121 0.734623
-0.2021 0.734623
1.11858 0.225197
-0.311766 0.362283
0.456661 0.225197
1.16302 0.0297547
0.348583 0.734623
0.234065 0.734623
-0.0334073 0.734623
-0.875759 0.362283
0.432 0.734623
-0.0210746 0.734623
0.190516 0.734623
-0.138379 0.734623
-0.269606 0.362283
0.188184 0.734623
0.525921 0.225197
-0.193451 0.734623
-0.148369 0.734623
-0.737921 0.362283
0.0555185 0.734623
0.216045 0.734623
-0.172637 0.734623
-0.0218523 0.734623
-0.264431 0.734623
-0.268062 0.734623
-0.143621 0.734623
0.108202 0.734623
-0.348047 0.362283
-0.437011 0.362283
-0.33379 0.362283
0.0350709 0.734623
0.069709 0.734623
1.07248 0.225197
-0.353472 0.362283
-0.554745 0.362283
-0.815956 0.362283
0.882509 0.225197
-0.275738 0.362283
-0.67939 0.362283
0.461776 0.225197
-0.465975 0.362283
0.221853 0.734623
0.124092 0.734623
-0.934584 0.362283
-0.439489 0.362283
0.550542 0.225197
-1.38983 0.0509488
0.253973 0.734623
-0.170792 0.734623
0.535689 0.225197
-0.0250007 0.734623
-0.311925 0.362283
3.9338e-05 0.734623
0.658287 0.225197
-0.142911 0.734623
0.613841 0.225197
-1.59995 0.0509488
-0.383164 0.362283
0.0674188 0.734623
0.0403762 0.734623
2.32574 0.00283546
-0.0847904 0.734623
-0.180904 0.734623
-0.222308 0.734623
-0.0521991 0.734623
0.506916 0.225197
-0.0725144 0.734623
0.506882 0.225197
0.440455 0.225197
0.171679 0.734623
-0.625025 0.362283
-0.655525 0.362283
-0.820949 0.362283
-0.223734 0.734623
-0.353716 0.362283
0.461913 0.225197
-0.505315 0.362283
-1.34127 0.0509488
0.373133 0.734623
-0.193541 0.734623
-0.387852 0.362283
-0.687222 0.362283
-0.894544 0.362283
-0.527501 0.362283
-0.507148 0.362283
-0.477964 0.362283
-0.201095 0.734623
-0.228929 0.734623
0.259093 0.734623
-0.838663 0.362283
-0.418183 0.362283
-0.198129 0.734623
-0.0403428 0.734623
-0.343117 0.362283
-0.44146 0.362283
0.3384 0.734623
-0.590212 0.362283
-0.464249 0.362283
-0.0403669 0.734623
-0.721737 0.362283
-0.184582 0.734623
0.0857974 0.734623
-0.367552 0.362283
1.75264 0.0297547
-0.36047 0.362283
-0.306294 0.362283
-0.506459 0.362283
0.293747 0.734623
-1.33459 0.0509488
0.670987 0.225197
-0.055352 0.734623
0.807875 0.225197
0.0192197 0.734623
-0.466974 0.362283
-0.0131936 0.734623
0.1126 0.734623
1.49042 0.0297547
0.142996 0.734623
-0.395965 0.362283
-0.264342 0.734623
0.234749 0.734623
-0.310326 0.362283
0.213783 0.734623
0.023764 0.734623
-1.36939 0.0509488
-0.0875503 0.734623
-0.392685 0.362283
-0.935407 0.362283
-0.540391 0.362283
-0.0469363 0.734623
1.47666 0.0297547
0.257061 0.734623
-0.578508 0.362283
-0.167202 0.734623
-0.168271 0.734623
-0.75995 0.362283
0.166809 0.734623
-0.0859899 0.734623
0.744467 0.225197
0.754204 0.225197
-0.0193948 0.734623
0.413067 0.734623
0.557082 0.225197
-0.2771 0.362283
0.359618 0.734623
-1.38917 0.0509488