-1.06545 0.097944
1.2322 0.0586626
0.384254 0.561881
-0.757309 0.239403
-0.0401876 0.794671
0.241552 0.691675
-0.340838 0.603744
0.46334 0.484435
1.11522 0.08415
-0.19002 0.72987
-0.217685 0.710168
0.861437 0.179083
-0.0428319 0.794236
-0.706972 0.273799
-0.145027 0.757317
-0.264739 0.672551
-0.0496195 0.792993
0.397176 0.549247
-0.00619079 0.797808
0.0585018 0.791095
0.592416 0.364735
-0.232915 0.698515
0.0900199 0.78193
0.17791 0.737847
-0.245547 0.688457
0.89013 0.164904
-0.294051 0.646991
-0.702347 0.277134
0.462597 0.485158
-0.0342684 0.795547
-0.700971 0.278132
-0.0693854 0.788356
-0.728539 0.258637
-0.162349 0.747473
-0.297162 0.6442
0.686576 0.288724
0.817225 0.202953
0.269748 0.668286
0.294424 0.646658
0.341549 0.603068
0.432577 0.514509
-0.0281016 0.796311
-0.179617 0.736747
0.329047 0.614871
-0.756793 0.239739
0.114904 0.772101
0.547565 0.404668
-0.265427 0.671968
0.154621 0.751981
-0.366607 0.579032
0.483859 0.464571
-0.0607784 0.79056
-0.0839441 0.783987
0.126387 0.766827
-0.210633 0.715376
-0.0854826 0.783479
-0.281344 0.658243
-0.0577039 0.791278
0.7564 0.239993
0.0155146 0.797405
0.104035 0.776668
-0.110405 0.774042
0.0524493 0.792422
-0.0221366 0.796908
0.00712244 0.797783
-0.314791 0.628135
0.428514 0.518496
-0.0960674 0.779747
-0.204346 0.719914
-0.291067 0.649656
0.160534 0.748548
-0.287314 0.652988
-0.828081 0.196859
-0.035273 0.795408
0.238732 0.693926
0.038846 0.794882
-0.0660196 0.789251
0.0308196 0.795993
-0.298058 0.643393
-0.380638 0.565407
0.156393 0.750964
0.0686893 0.788544
0.568587 0.385685
-0.130548 0.764805
-0.105062 0.776254
0.209365 0.716299
-0.190877 0.72929
0.661205 0.308075
0.0131501 0.79754
0.0952401 0.780053
0.00398574 0.797853
0.0768707 0.786209
-1.08781 0.0915018
-0.651133 0.315994
0.211592 0.714675
-0.0850119 0.783636
0.0154543 0.797408
-0.38791 0.558312
-0.380553 0.56549
1.1067 0.0863731
0.360847 0.584595
-0.27373 0.664863
-1.12892 0.0806896
-0.0435914 0.794106
-0.459447 0.488225
-0.104872 0.776331
-0.36906 0.576657
-0.323843 0.619738
0.203278 0.720675
-0.0314478 0.795915
-0.836443 0.19227
-1.16888 0.0713559
-0.985684 0.124526
-0.754218 0.241415
-0.0738779 0.787093
-0.315523 0.62746
1.15333 0.0748584
0.380146 0.565886
-0.969748 0.130573
1.15932 0.0734893
0.135554 0.762294
0.0766727 0.786269
0.26667 0.670913
0.872147 0.173673
-0.14576 0.75692
0.822015 0.200245
0.13666 0.761729
0.401306 0.545201
-0.594137 0.363246
-0.655073 0.31288
0.132434 0.763869
0.374477 0.571401
0.462249 0.485497
0.115964 0.771633
-0.971243 0.129995
0.156993 0.750617
0.0631739 0.789975
-0.225301 0.704409
0.642703 0.322725
0.299126 0.642431
-0.84762 0.186276
-0.437713 0.509472
0.376865 0.56908
-0.260368 0.676236
0.251202 0.683846
0.282845 0.656928
-0.266227 0.671288
0.320318 0.62302
-0.132423 0.763874
1.24888 0.0557038
0.347284 0.597608
-0.418692 0.528139
-0.107548 0.775237
-0.264524 0.672733
0.184492 0.733562
0.119588 0.770005
-0.375543 0.570365
0.778845 0.225746
0.182287 0.735011
-0.357387 0.587926
1.03528 0.10731
-0.656892 0.311449
-0.172284 0.74141
-0.47327 0.474797
0.168671 0.743649
0.114213 0.772404
-0.205921 0.718787
0.0976863 0.77914
0.0206003 0.797039
-0.656743 0.311567
0.324663 0.618973
-0.0404525 0.794629
-0.321221 0.62218
0.51097 0.438697
-0.0913174 0.781473
-0.721856 0.263267
-0.281386 0.658207
-0.147545 0.755945
-0.896103 0.162077
0.679239 0.294232
0.587475 0.369027
-0.145452 0.757087
-0.399304 0.547163
0.042122 0.794356
-0.526664 0.423963
0.571493 0.383096
0.238579 0.694048
-0.0239884 0.796738
2.07674 0.00439854
0.259837 0.676682
0.655108 0.312853
0.0537047 0.792158
-0.567167 0.386953
1.6575 0.0156336
0.764487 0.234781
-0.84136 0.189613
-0.2359 0.69617
0.500495 0.448636
-0.245634 0.688386
0.747953 0.245534
-0.483887 0.464543
-0.226675 0.703355
-0.377744 0.568225
-0.631568 0.331756
-0.25421 0.681366
-0.378551 0.56744
0.264066 0.673121
-0.694069 0.283175
0.0673537 0.788901
1.57646 0.020088
-0.939252 0.142888
0.746268 0.246651
-0.274523 0.664178
-0.485695 0.462804
-0.203979 0.720176
0.722377 0.262904
0.0117464 0.797609
0.00613709 0.797809
-1.68214 0.0144899
-0.679007 0.294406
0.745021 0.24748
1.70645 0.0134457
0.058627 0.791066
0.00162058 0.797879
0.493019 0.455775
-1.40929 0.0337972
0.283598 0.656266
-0.0921396 0.78118
-0.442078 0.505196
0.513111 0.436676
0.150901 0.754085
-0.249574 0.68518
-0.0631243 0.789987
0.845135 0.187594
0.646772 0.319465
-0.521908 0.428407
-0.151244 0.753893
-0.574704 0.380247
0.111621 0.773524
0.879395 0.170091
-0.176084 0.739013
-0.278021 0.661144
0.790371 0.218694
-0.233148 0.698333
0.575746 0.379324
0.329793 0.614171
0.071606 0.787741
-0.707474 0.273439
0.0993679 0.778499
0.22525 0.704447
-0.349805 0.595199
-0.674728 0.297653
-0.105987 0.775878
-0.139639 0.760184
-0.594419 0.363003
0.0488577 0.793141
0.369617 0.576118
0.257038 0.67902
1.20667 0.0634934
-0.16071 0.748445
-0.613122 0.347061
-0.459004 0.488657
-0.221064 0.70763
0.0871742 0.78291
0.211097 0.715037
0.614156 0.346192
0.0258556 0.796553
0.179699 0.736694
-0.365536 0.580068
-0.382182 0.563902
-0.239301 0.693474
0.106409 0.775706
0.495992 0.452932
-0.0517043 0.792575
-0.0965905 0.779552
-1.30786 0.0463681
0.42245 0.524448
0.400202 0.546283
0.152312 0.753292
-0.116561 0.771368
0.319208 0.624049
-0.68703 0.288385
-0.0176899 0.797261
0.335624 0.60868
0.42815 0.518853
-1.25669 0.054369
-0.481799 0.466556
-0.749349 0.244611
-0.0909561 0.781601
-0.668289 0.302585
0.246893 0.687366
-0.194232 0.727
0.160293 0.74869
0.493916 0.454917
-0.813282 0.205205
-0.336818 0.607552
-0.287395 0.652916
-0.434545 0.512579
-0.0660085 0.789254
-0.713026 0.269479
0.239201 0.693553
0.0128198 0.797557
-0.253866 0.681651
0.0533509 0.792233
-0.149423 0.754909
-0.155686 0.751371
-0.394426 0.55194
1.13417 0.0793985
0.297047 0.644304
-0.374283 0.57159
0.82048 0.20111
-0.0625708 0.790124
0.106548 0.775649
0.301502 0.640283
-0.888747 0.165564
0.937968 0.143429
-0.423995 0.522932
0.366741 0.578902
-1.46175 0.0286988
-0.0618325 0.790305
-0.543724 0.408183
-0.649646 0.317175
-0.237885 0.694599
-0.710972 0.270939
-0.421168 0.525707
0.178433 0.737511
0.0257861 0.79656
-0.736043 0.253511
0.419525 0.527321
-0.0682956 0.78865
-0.180913 0.735907
-0.867098 0.176206
-1.04917 0.102899
-0.706108 0.27442
-1.7412 0.0120855
-0.393326 0.553017
-1.76614 0.0111974
0.0339667 0.795587
-0.476641 0.471535
0.453834 0.4937
0.576084 0.379025
-0.250712 0.684248
0.326957 0.616829
-0.442559 0.504724
0.197307 0.724874
-0.157828 0.750133
-0.959931 0.134429
-0.741991 0.249502
-1.35604 0.0399037
0.544229 0.40772
0.219672 0.708678
0.192449 0.728221
0.119813 0.769902
0.0236827 0.796767
0.704854 0.275323
0.170634 0.742438
-0.521044 0.429217
-0.545939 0.406154
-0.184824 0.733343
-0.894067 0.163035
-0.211163 0.714989
0.157907 0.750087
-0.473889 0.474197
-0.120517 0.76958
-0.542137 0.40964
0.445071 0.502265
-0.267145 0.670508
1.6743 0.014844
0.445425 0.501919
-0.710943 0.270959
1.46014 0.0288427
0.249067 0.685594
-0.770768 0.230794
-0.457401 0.49022
0.16648 0.744988
-0.911289 0.15508
-0.207962 0.717316
0.0468561 0.793521
0.610225 0.349503
0.538166 0.413296
-0.40271 0.543824
-0.0470018 0.793494
0.364347 0.581217
0.10411 0.776638
0.527682 0.423014
-0.347399 0.597498
-0.732252 0.25609
1.09195 0.090354
-0.0238579 0.79675
0.255735 0.680103
0.374794 0.571093
-0.376611 0.569327
-0.113564 0.772686
-0.108272 0.774937
-0.192785 0.727991
-0.376294 0.569636
-0.250081 0.684765
0.521629 0.428668
-0.522247 0.42809
-0.126512 0.766767
-0.391104 0.55519
0.401568 0.544944
0.477479 0.470725
0.0444303 0.793959
-0.23894 0.693761
0.142752 0.758539
-0.905357 0.157781
0.175211 0.739568
0.198947 0.72373
0.0818078 0.784678
1.50906 0.0247674
-0.324308 0.619305
0.112173 0.773287
1.14188 0.0775399
0.420733 0.526135
0.0630793 0.789998
-0.551794 0.400813
-0.215872 0.711519
-0.395889 0.550508
-0.0738399 0.787104
-0.0403808 0.794641
-0.65358 0.314058
-0.245429 0.688553
0.31776 0.625391
0.477963 0.470258
-0.153844 0.752425
0.0207942 0.797023
-0.60918 0.350386
-0.984197 0.12508
0.270155 0.667937
-0.75118 0.243406
-0.518867 0.431258
-0.0278399 0.79634
-0.491644 0.457092
0.0575258 0.791319
0.121135 0.769296
-0.771621 0.230257
1.23168 0.0587578
-0.0111874 0.797635
-0.765055 0.234418
0.0427321 0.794253
-0.52632 0.424284
-0.294263 0.646802
0.730899 0.257017
0.318471 0.624733
0.741705 0.249694
0.648223 0.318307
0.137072 0.761517
-0.607569 0.35175
0.50555 0.44383
-1.01923 0.112626
0.0719367 0.787648
-0.262404 0.674524
-0.0225717 0.796869
-0.0568249 0.791477
-1.02235 0.111574
1.47837 0.0272501
-0.474934 0.473186
0.955641 0.136146
-0.256261 0.679666
-0.330647 0.613369
0.0845298 0.783795
0.181731 0.735374
0.680173 0.293526
-1.09555 0.0893666
-0.25767 0.678493
0.855975 0.181898
-0.960311 0.134278
1.19736 0.0653473
0.00247595 0.797872
0.271853 0.66648
0.216123 0.711332
0.306303 0.635921
1.61101 0.0180489
-0.641768 0.323477
-0.164073 0.746443
-0.0323456 0.795801
-0.294164 0.646891
-0.807177 0.208731
0.301888 0.639933
0.436208 0.510947
0.319126 0.624126
0.231904 0.699306
0.229478 0.701192
0.410082 0.536592
-0.161072 0.748231
-0.543618 0.408281
-0.344442 0.600317
0.0016199 0.797879
0.149422 0.754909
-0.0365604 0.795224
-0.239802 0.693074
0.235987 0.696102
1.39193 0.0356782
-0.319211 0.624047
-0.331462 0.612602
-0.0822545 0.784535
-0.406182 0.540418
0.294633 0.64647
0.364749 0.580828
0.396539 0.549872
-0.366871 0.578776
0.0157625 0.797389
0.712536 0.269827
0.266184 0.671326
0.629071 0.333803
-0.188231 0.731074
-0.872555 0.173469
-0.00232929 0.797874
0.345425 0.599381
-0.0992533 0.778543
0.65601 0.312143
-0.293461 0.647519
-0.18072 0.736033
-0.291185 0.649551
0.381502 0.564565
0.457679 0.489948
0.736836 0.252974
-0.0931343 0.780822
-0.349961 0.59505
0.297257 0.644115
-0.188942 0.730596
0.0359623 0.79531
0.723702 0.261982
-0.112454 0.773167
0.60992 0.349761
0.488786 0.459834
-0.990724 0.122668
-0.495776 0.453138
-0.262315 0.674599
-0.851909 0.184017
-0.857277 0.181224
-0.784588 0.22221
0.253253 0.682157
-0.535845 0.415438
0.270103 0.667981
-0.724494 0.261432
-0.124546 0.767703
0.611715 0.348245
-1.55633 0.0213832
0.258248 0.67801
0.344891 0.59989
0.36767 0.578003
-0.812851 0.205452
0.082508 0.784454
0.387159 0.559046
-0.810352 0.206891
-0.574214 0.380681
-1.24398 0.0565585
0.481942 0.466418
0.249055 0.685604
-0.383214 0.562896
-0.22283 0.706292
-0.668013 0.302798
0.175379 0.739461
0.775152 0.228043
0.0138177 0.797504
0.112566 0.773118
-0.818126 0.202442
-0.0940382 0.780494
0.0215484 0.796959
-0.234031 0.697641
1.01223 0.115018
-0.274488 0.664208
0.0793215 0.785461
-0.0201603 0.797074
0.391287 0.555012
0.551495 0.401086
0.249717 0.685063
0.0519795 0.792519
-0.0612884 0.790437
-0.367396 0.578268
0.0819223 0.784641
-0.145532 0.757044
-0.594048 0.363324
-0.599082 0.358989
-0.462498 0.485255
1.45591 0.0292258
0.0264738 0.796488
1.19287 0.0662617
0.24377 0.689893
1.10607 0.0865394
0.0632592 0.789954
0.553498 0.399265
0.480423 0.467883
0.228853 0.701676
-0.101923 0.777506
1.22854 0.0593327
0.207629 0.717557
-0.798518 0.213818
0.0456992 0.793733
-0.318124 0.625054
-0.525876 0.424698
0.357007 0.588293
-1.2517 0.0552174
0.184164 0.733779
-0.0428051 0.79424
-0.372651 0.573174
-0.55358 0.399191
-0.0207606 0.797025
0.230331 0.70053
0.459441 0.488231
0.223801 0.705554
-0.0823716 0.784497
-0.539997 0.411609
-1.92328 0.0069513
-0.573897 0.380962
-0.105191 0.776202
-0.1039 0.776721
-0.321262 0.622142
0.578102 0.377244
0.0458485 0.793706
-0.24868 0.68591
0.197924 0.724445
0.0271632 0.796415
-0.239321 0.693458
0.885406 0.167169
0.00217199 0.797875
-1.71336 0.0131633
-0.160693 0.748455
0.191361 0.728961
-1.01813 0.112999
0.897158 0.161582
0.00968959 0.797697
-0.93099 0.146399
-0.158593 0.749687
0.21612 0.711334
-0.067444 0.788878
-0.241747 0.691519
-0.0351585 0.795424
-0.468699 0.479228
-0.390557 0.555725
0.617726 0.343202
0.0332224 0.795687
0.0991756 0.778573
0.330927 0.613106
-0.255859 0.68
0.180621 0.736097
-0.161197 0.748157
0.26526 0.67211
0.195841 0.725891
0.931345 0.146246
-0.117857 0.770788
-0.355725 0.589524
-0.0151684 0.797426
0.482573 0.46581
0.394885 0.551491
-0.109659 0.774357
-0.126397 0.766822
0.139652 0.760178
0.249616 0.685146
0.755524 0.240564
0.940406 0.142404
-0.0850207 0.783633
-0.386483 0.559705
0.480421 0.467884
0.264446 0.672799
-0.580649 0.375001
0.129087 0.765521
0.0263485 0.796501
-0.150079 0.754544
0.0954919 0.77996
-0.79215 0.217622
0.425204 0.521745
0.250333 0.684559
0.0265923 0.796476
0.201387 0.722015
-0.648527 0.318065
-1.15394 0.074718
0.59405 0.363322
-0.0328268 0.795739
-0.236304 0.695851
-0.357724 0.587603
-0.149455 0.754891
-0.0172333 0.797292
0.744035 0.248136
0.473194 0.47487
0.451536 0.495944
-0.813246 0.205226
-0.319704 0.623589
-0.458007 0.489628
0.753186 0.24209
1.12034 0.0828394
-0.485614 0.462882
0.227339 0.702844
0.484356 0.464092
-0.402937 0.543601
0.611763 0.348205
0.0600235 0.79074
1.2263 0.0597461
0.0765604 0.786303
1.19673 0.0654747
-0.327221 0.616582
-0.347173 0.597714
0.281959 0.657705
-0.487084 0.461468
-0.549804 0.402625
-0.316418 0.626633
-0.722182 0.26304
-0.743763 0.248318
-0.964415 0.132655
0.537848 0.413589
0.542512 0.409296
-0.0701913 0.788135
-0.181306 0.735652
0.0430601 0.794197
0.236733 0.695512
0.0482451 0.793259
0.674378 0.29792
-0.403234 0.54331
0.31912 0.624131
-0.0445928 0.793931
0.133172 0.7635
-0.989569 0.123092
-1.40848 0.0338828
1.55824 0.0212563
0.305405 0.636739
1.07909 0.0939641
0.919114 0.151579
-0.75847 0.238651
0.665401 0.304815
-1.30884 0.0462261
-0.628064 0.334631
0.310019 0.632523
-0.31913 0.624122
-0.501433 0.447743
0.220715 0.707893
0.0988672 0.778691
-0.297651 0.64376
1.02512 0.110648
-0.699582 0.279141
0.234564 0.697223
0.445533 0.501813
0.466929 0.480947
-0.0469998 0.793494
0.573517 0.381299
-0.199131 0.723601
0.704358 0.275681
0.169049 0.743416
0.956175 0.135931
-0.827741 0.197048
-0.675259 0.297249
0.236272 0.695877
0.157715 0.750199
0.00917603 0.797717
-0.486785 0.461756
0.379231 0.566777
-0.0053298 0.797828
-0.0992103 0.77856
-0.897325 0.161504
-0.0338538 0.795603
1.03518 0.107341
-0.765911 0.233873
-0.323148 0.620386
-0.475007 0.473115
-0.334032 0.610182
0.658249 0.310385
-0.267439 0.670257
0.154332 0.752147
-0.197928 0.724442
-0.373079 0.572759
0.205393 0.719165
0.264856 0.672452
-0.303095 0.638839
0.889014 0.165436
1.31469 0.0453915
0.386553 0.559638
-2.05375 0.00470813
-0.632412 0.331066
0.128399 0.765857
1.56615 0.0207409
0.363114 0.582407
-0.319013 0.624231
-1.20198 0.0644205
0.28103 0.658519
-0.256632 0.679357
-0.40095 0.545549
-0.165166 0.745784
0.197549 0.724706
0.723706 0.261979
0.0712569 0.787839
-0.273486 0.665074
-0.467035 0.480844
0.174966 0.739723
-0.168516 0.743744
-0.081362 0.78482
-0.461215 0.486503
0.391479 0.554824
-0.447776 0.499619
-0.715325 0.267851
-0.46508 0.482744
0.29751 0.643887
0.611326 0.348573
0.0276322 0.796363
-0.380215 0.565819
-0.71341 0.269206
0.546347 0.405781
-0.127 0.766533
-0.355343 0.589891
0.291676 0.649113
0.00800138 0.797757
0.734866 0.25431
0.85134 0.184315
-0.318441 0.62476
0.917258 0.152403
-0.361138 0.584314
0.690652 0.285696
0.226754 0.703294
-0.433859 0.513251
-0.654502 0.313331
0.329824 0.614142
0.606492 0.352664
-0.263381 0.673699
0.837945 0.191455
0.452067 0.495424
0.682786 0.29156
-0.445559 0.501788
0.0641191 0.789738
0.150117 0.754523
-0.192908 0.727907
-0.612692 0.347422
-0.578374 0.377004
-1.01063 0.115572
-0.57478 0.380179
-0.315365 0.627605
-0.41542 0.531352
-0.244679 0.689159
0.229545 0.70114
0.308229 0.634162
-0.560535 0.392903
0.0802812 0.785161
0.106577 0.775637
0.701547 0.277714
-1.03258 0.108185
-0.0286227 0.796253
-0.039361 0.794802
0.0448828 0.793879
-0.33425 0.609977
-0.296918 0.644419
0.488152 0.460442
-0.44179 0.505478
0.232635 0.698734
0.230169 0.700656
0.255993 0.679889
-0.818791 0.202065
1.69271 0.0140262
-0.0813389 0.784827
0.0104511 0.797667
-0.643415 0.322153
0.56571 0.388256
0.155295 0.751596
0.257565 0.67858
-0.296388 0.644896
-0.0217032 0.796946
-1.07818 0.094226
0.414525 0.53223
0.217548 0.71027
-0.392825 0.553507
-0.579876 0.375681
-0.0471806 0.79346
-0.702437 0.277069
0.147877 0.755763
0.368311 0.577382
0.265971 0.671506
-0.0846939 0.783741
0.0425866 0.794277
0.769958 0.231305
0.481067 0.467261
-0.0101754 0.797678
0.415913 0.530867
1.36611 0.0386691
-0.254004 0.681536
0.158469 0.74976
-0.251063 0.68396
-0.270405 0.667723
-0.119401 0.77009
-0.0846893 0.783742
0.680677 0.293146
-0.416939 0.52986
1.60323 0.0184887
0.455486 0.492087
0.297746 0.643674
-0.434656 0.51247
0.292489 0.648388
-1.60437 0.0184234
-1.06462 0.09819
-0.210908 0.715175
0.542285 0.409504
-0.324686 0.618952
-0.201762 0.72175
-0.0051949 0.797831
-0.336187 0.608148
-0.509648 0.439948
0.0763866 0.786355
0.733781 0.255048
-0.0888483 0.782337
0.552005 0.400622
1.13385 0.0794788
0.564116 0.389684
-0.644562 0.321233
0.706395 0.274214
0.506343 0.443078
-0.339198 0.605299
0.54999 0.402456
0.131319 0.764424
0.997945 0.120049
0.283687 0.656188
0.173165 0.740858
0.02204 0.796916
-0.141727 0.759085
0.381024 0.565031
0.518688 0.431426
-0.439976 0.507255
0.487023 0.461528
-0.10506 0.776255
0.579739 0.375801
-0.027163 0.796415
-0.168541 0.743729
0.332777 0.611365
-0.581088 0.374615
-0.458136 0.489503
-0.26228 0.674628
1.03522 0.107329
0.127057 0.766505
-0.319949 0.623362
0.955173 0.136335
0.293659 0.647342
0.732137 0.25617
0.417499 0.52931
-0.49308 0.455717
-0.69436 0.282961
-0.0969252 0.779426
1.41 0.0337225
-0.0614646 0.790395
0.0422401 0.794336
-0.261932 0.674922
0.478691 0.469555
-0.361606 0.583864
-0.0214206 0.79697
0.472745 0.475305
1.01946 0.112545
-0.092672 0.780989
0.591069 0.365902
0.574938 0.38004
0.0879481 0.782647
-0.0017298 0.797879
-0.49567 0.45324
1.7054 0.013489
0.520421 0.4298
-0.441403 0.505857
-0.575699 0.379366
-0.289584 0.650975
0.311547 0.631121
0.378665 0.567328
-0.242429 0.690972
-0.0186945 0.797188
-0.0300408 0.796087
0.290051 0.65056
0.40102 0.545481
-1.00879 0.116211
-0.05012 0.792894
0.531138 0.419799
0.146219 0.756671
-0.983256 0.125431
0.928706 0.147383
-0.23218 0.699091
0.0616695 0.790345
1.49157 0.026153
1.15185 0.0751984
-0.716802 0.266809
0.157939 0.750069
-0.302987 0.638937
1.3352 0.042581
-0.672174 0.299603
0.137126 0.761489
0.0141213 0.797487
0.870537 0.174477
0.485635 0.462862
0.945874 0.140129
-0.822212 0.200135
-0.00297877 0.797867
-0.146868 0.756317
0.467904 0.48
-0.0332878 0.795678
1.14833 0.0760183
0.399704 0.54677
-0.453298 0.494223
0.746181 0.246708
0.510991 0.438677
0.257802 0.678383
-0.664282 0.305681
-0.61508 0.345416
-0.0133247 0.797531
0.649579 0.317228
-0.357794 0.587536
0.782728 0.22335
0.604263 0.35456
0.564828 0.389046
-0.168881 0.74352
0.359804 0.5856