-1.07022 0.0965336
-0.181142 0.735758
0.305327 0.63681
-0.190085 0.729826
-0.535781 0.415498
0.0348569 0.795466
0.236108 0.696006
0.300435 0.641248
0.148919 0.755188
-0.287746 0.652606
0.168551 0.743723
0.488853 0.459769
0.297472 0.643922
-0.0141016 0.797488
0.385143 0.561014
-0.343723 0.601001
-0.789649 0.219131
-0.234697 0.697117
0.746318 0.246617
-0.181576 0.735476
-0.0482465 0.793259
-0.27643 0.662527
-0.139209 0.760409
-0.221603 0.707222
0.546833 0.405337
0.612486 0.347596
0.405465 0.541122
0.248075 0.686404
0.74687 0.246251
-0.562816 0.390851
-1.10166 0.087714
0.224313 0.705163
-0.39159 0.554715
-0.0744487 0.786927
-0.634263 0.329556
0.515148 0.434756
-0.590763 0.366167
-0.921972 0.150318
0.727244 0.259529
0.102017 0.777469
-0.226155 0.703754
-0.520447 0.429776
-0.405178 0.541404
0.184939 0.733267
0.162058 0.747646
-0.135273 0.762438
0.753305 0.242012
-0.674825 0.297579
-0.159745 0.749013
0.379273 0.566737
0.239452 0.693353
-2.17531 0.003293
0.0145646 0.797462
-0.0581948 0.791166
-0.513212 0.43658
-0.23427 0.697453
0.00768605 0.797767
0.947887 0.1393
-0.902734 0.158988
-0.0449529 0.793867
-0.953127 0.137161
0.394598 0.551771
0.181175 0.735737
0.487893 0.460691
0.166938 0.744709
-0.500987 0.448168
-0.0732084 0.787286
-0.0796981 0.785344
-0.405049 0.54153
0.170118 0.742757
0.10233 0.777346
-0.0595761 0.790845
0.507987 0.441519
-0.0691451 0.788421
0.308976 0.633479
0.36597 0.579648
0.315325 0.627642
-0.591606 0.365437
-1.53699 0.0227069
0.476165 0.471995
0.543384 0.408496
0.541952 0.40981
-1.04835 0.103155
-0.810533 0.206787
-0.634376 0.329464
-0.203901 0.720232
0.750894 0.243594
0.184973 0.733245
0.254059 0.681492
0.283141 0.656668
-1.19329 0.0661766
0.0279695 0.796326
-1.34322 0.0415304
-0.179035 0.737123
0.17299 0.740968
-0.766115 0.233742
0.594142 0.363242
-0.227639 0.702613
-0.238622 0.694014
0.421164 0.525712
-0.0509203 0.792734
-0.0125172 0.797572
-0.423713 0.523209
-0.169229 0.743306
-0.0245329 0.796685
-0.225654 0.704138
-0.185067 0.733182
-0.0144953 0.797466
-0.227799 0.70249
0.0025621 0.797871
0.0850649 0.783618
1.25643 0.0544127
0.334641 0.609608
0.0291407 0.796193
0.472374 0.475664
-0.0569278 0.791454
-0.708463 0.272731
0.571729 0.382887
-0.677588 0.29548
0.374877 0.571013
-0.497695 0.451305
-0.273872 0.664741
-0.173928 0.740379
-0.0349505 0.795453
0.755977 0.240269
-0.204726 0.719643
-0.215721 0.711631
-0.144327 0.757695
-0.103355 0.776939
-0.456487 0.491111
0.390409 0.55587
1.28388 0.0499611
0.0788502 0.785606
-0.383591 0.562528
-0.0327179 0.795753
-0.275421 0.663401
0.394559 0.551809
0.199165 0.723578
-0.251201 0.683847
-0.401166 0.545338
0.116156 0.771548
0.676422 0.296365
-0.310155 0.632398
0.459315 0.488354
0.134282 0.76294
0.319891 0.623416
-0.147125 0.756176
-0.365622 0.579985
1.02146 0.111871
0.181845 0.7353
0.164073 0.746442
-0.12837 0.765871
-1.23068 0.0589396
-0.615407 0.345142
-0.69382 0.283358
-0.933105 0.145493
-0.248143 0.686348
0.865959 0.176782
-0.0370672 0.79515
0.306429 0.635805
0.278169 0.661015
-0.676131 0.296586
-1.09614 0.089205
-0.438542 0.50866
0.203986 0.720171
0.269841 0.668206
-0.28463 0.655358
0.253914 0.681611
0.501336 0.447835
-0.0674306 0.788881
2.18759 0.00317722
-0.957833 0.135267
0.0230756 0.796823
0.0962184 0.779691
-0.0266936 0.796465
-0.153767 0.752468
-0.142966 0.758426
0.762904 0.235795
-0.603706 0.355034
-0.219485 0.708819
-1.07321 0.0956605
-0.76182 0.23649
0.016258 0.797358
-0.368096 0.57759
1.02358 0.111159
0.657737 0.310786
0.198643 0.723943
1.3578 0.0396844
-0.514306 0.435549
0.258027 0.678195
-0.341479 0.603135
0.218499 0.709559
-1.15339 0.0748435
-0.319842 0.623461
0.25635 0.679592
0.0365923 0.795219
-0.173558 0.740611
-0.421115 0.525759
-0.167699 0.744245
0.528946 0.421837
-0.603891 0.354877
0.315068 0.62788
-0.82839 0.196689
0.219753 0.708618
-0.177228 0.738284
0.371652 0.574144
-0.403128 0.543414
0.0899881 0.781941
0.467522 0.480371
1.21117 0.0626142
0.181158 0.735748
-0.63377 0.329957
-0.13497 0.762592
0.904764 0.158053
0.0326798 0.795758
-0.667857 0.302918
-0.518294 0.431796
-0.834848 0.193138
-0.556427 0.396611
-0.527775 0.422928
0.976398 0.128018
-0.535187 0.416047
0.0965976 0.779549
0.219017 0.70917
0.684827 0.290031
-0.493926 0.454908
-0.13166 0.764255
0.166398 0.745038
0.0635551 0.78988
-0.286036 0.654117
0.495085 0.453799
-1.22469 0.0600452
0.0796335 0.785364
1.08683 0.0917749
-0.655276 0.312721
0.115605 0.771792
0.00514279 0.797832
-0.66406 0.305854
-0.177819 0.737905
0.179975 0.736516
0.389544 0.556715
-0.061367 0.790418
0.0669935 0.788997
-0.247806 0.686623
0.324036 0.619559
0.168102 0.743998
0.326387 0.617363
-0.083377 0.784172
0.141557 0.759175
-0.327475 0.616344
-0.245525 0.688475
0.510656 0.438994
0.627643 0.334977
-1.79086 0.0103831
-0.31353 0.629297
0.15085 0.754114
-0.174828 0.73981
0.144925 0.757373
-0.630587 0.332559
0.724735 0.261265
0.54203 0.409738
-0.198879 0.723778
1.62597 0.0172323
0.225281 0.704424
-0.540338 0.411295
0.124396 0.767774
-0.192975 0.727861
0.114249 0.772388
-0.894106 0.163017
0.323228 0.620312
-0.0273685 0.796392
0.173209 0.740831
-1.97086 0.00602624
-0.0538866 0.792119
0.66789 0.302892
-0.748571 0.245125
-0.755372 0.240663
-1.23436 0.0582713
-0.877255 0.171142
-0.0550552 0.791868
-0.187059 0.731858
0.234256 0.697465
-0.293701 0.647305
0.110722 0.773907
-0.848884 0.185608
0.342041 0.602601
-0.342559 0.602109
-0.622578 0.339162
0.311097 0.631535
-0.291622 0.649161
-1.00683 0.116898
-0.505738 0.443651
0.120622 0.769532
0.391516 0.554787
0.1828 0.734675
0.0383819 0.794953
0.59984 0.358339
0.394891 0.551485
-0.517879 0.432187
0.129679 0.765232
0.470545 0.477437
1.2165 0.0615899
-0.908556 0.156319
0.523228 0.427172
-0.153929 0.752376
-0.22632 0.703627
-0.163277 0.746919
0.465626 0.482212
-0.689088 0.286855
0.658775 0.309973
0.385861 0.560313
-1.3736 0.0377764
-0.894107 0.163017
-0.0347059 0.795487
0.602871 0.355747
-0.0456936 0.793734
-0.075896 0.786501
0.43715 0.510024
0.0578404 0.791247
-0.0136466 0.797513
-1.8273 0.00929259
0.385422 0.560742
0.0662803 0.789184
1.19367 0.0660985
-0.268494 0.669357
0.431019 0.516038
-0.190675 0.729427
0.166828 0.744776
-1.04105 0.105455
0.73364 0.255144
-0.311329 0.631322
0.164107 0.746422
-0.260268 0.67632
-0.920174 0.15111
-0.404018 0.542542
0.060132 0.790714
0.391802 0.554508
-0.144376 0.757669
0.0927083 0.780976
0.38592 0.560255
0.032315 0.795805
-0.276164 0.662758
0.460144 0.487547
-0.362736 0.582773
0.307913 0.634451
-1.26502 0.0529792
-0.185564 0.732853
-0.857801 0.180953
-0.438404 0.508795
0.275989 0.662909
-0.243502 0.690109
0.174743 0.739864
0.214278 0.712699
0.849319 0.185378
1.29992 0.047528
-0.323271 0.620271
-0.870072 0.17471
0.518242 0.431846
-0.765244 0.234298
-0.035784 0.795336
0.0623554 0.790177
-0.398223 0.548222
0.010547 0.797663
0.238473 0.694133
-0.762986 0.235742
-0.741305 0.249962
-0.144199 0.757764
0.416805 0.529992
0.0465841 0.793571
-0.538945 0.412578
0.0563544 0.791582
0.380897 0.565155
-0.443329 0.50397
0.908028 0.15656
-0.895242 0.162482
-0.375163 0.570734
-1.13172 0.0799989
-0.185081 0.733173
-0.75734 0.239383
-0.0418207 0.794406
-0.264689 0.672593
0.346508 0.598348
1.33599 0.0424762
1.02901 0.109356
0.181657 0.735423
0.0788723 0.7856
-0.0163843 0.797349
0.496018 0.452908
0.920816 0.150827
-0.588846 0.367832
0.527013 0.423638
1.87312 0.0080871
-0.511823 0.437891
-0.393452 0.552893
0.599351 0.358759
0.465777 0.482066
-0.198129 0.724302
0.447226 0.500157
-0.0290316 0.796206
-0.32499 0.618668
-0.312255 0.630471
-0.179748 0.736663
0.0317975 0.795871
-0.438646 0.508558
0.223307 0.70593
-0.106569 0.775641
0.0415631 0.794448
-0.191165 0.729094
0.394381 0.551984
1.11466 0.0842948
0.544591 0.407389
-0.280099 0.659333
-0.0574043 0.791346
-0.818022 0.202501
-0.0708448 0.787954
-0.605018 0.353917
0.284419 0.655543
-0.175009 0.739696
-0.0668655 0.78903
-0.358958 0.586415
0.340003 0.604536
-0.527682 0.423014
0.594919 0.362571
0.141946 0.758968
-0.271759 0.66656
-0.269381 0.668599
-0.801881 0.21183
0.0740359 0.787047
-0.598062 0.359866
0.348006 0.596918
0.69181 0.28484
0.495789 0.453126
0.130428 0.764864
-0.0914376 0.78143
0.705939 0.274542
-0.351483 0.593594
-0.177592 0.73805
0.600883 0.357446
1.14762 0.0761853
-0.648026 0.318464
-0.361315 0.584144
-0.349888 0.59512
0.0784107 0.785741
0.473255 0.474811
1.10569 0.0866403
0.541904 0.409854
-0.588156 0.368433
0.831772 0.194823
0.718999 0.265265
0.30634 0.635887
-0.933437 0.145351
0.324376 0.619241
0.616093 0.344567
0.0762306 0.786401
-0.569047 0.385274
-0.0228305 0.796846
-0.108356 0.774902
0.68971 0.286394
-0.330009 0.613968
-0.687906 0.287734
0.0156744 0.797395
0.580438 0.375186
-0.984927 0.124808
0.672244 0.299549
0.15951 0.749151
-0.15983 0.748963
0.0678572 0.788768
0.372062 0.573747
-0.250194 0.684672
0.965125 0.132376
0.718496 0.265618
-0.573772 0.381072
0.155467 0.751497
-0.746352 0.246595
-0.277944 0.661211
0.427438 0.519552
-0.311932 0.630767
0.0675055 0.788861
-1.25993 0.0538241
0.00907862 0.79772
0.84533 0.187491
-0.653437 0.314171
-0.231781 0.699402
1.10775 0.086097
1.00162 0.118737
-0.0103858 0.797669
-0.0605042 0.790625
0.0795573 0.785387
-0.096818 0.779467
0.934981 0.144693
0.334053 0.610162
0.52567 0.42489
-0.197837 0.724505
0.759637 0.237896
0.284364 0.655592
0.378936 0.567064
-0.287411 0.652903
-0.41956 0.527286
-1.03156 0.10852
1.01937 0.112579
-0.351501 0.593576
-0.188576 0.730842
-0.14023 0.759874
-0.116187 0.771534
0.684569 0.290224
0.342711 0.601964
-0.594682 0.362776
-0.985829 0.124473
-0.149781 0.75471
0.250971 0.684035
-0.7069 0.273851
-0.508689 0.440854
-0.125912 0.767054
0.201737 0.721768
0.736385 0.253279
0.906912 0.157069
-0.0596017 0.790839
0.735108 0.254145
0.378584 0.567407
0.830387 0.195585
-0.19245 0.72822
0.148695 0.755312
0.137439 0.761328
0.241247 0.69192
-0.448117 0.499285
-0.643599 0.322005
0.00650798 0.7978
1.12401 0.0819134
0.723066 0.262424
-0.6423 0.323049
-0.418838 0.527996
0.286382 0.653812
0.0591911 0.790935
0.254693 0.680966
0.169494 0.743143
-1.08277 0.0929171
-0.202021 0.721567
0.211662 0.714624
0.293256 0.647703
0.567374 0.386768
-0.185252 0.733059
0.0975455 0.779193
-0.53154 0.419427
0.0163831 0.797349
-0.162697 0.747265
0.0566654 0.791513
-0.0764374 0.786339
-0.36756 0.578109
-0.21522 0.712003
0.785225 0.221821
-0.182844 0.734646
0.90077 0.159898
-0.590261 0.366603
-1.21741 0.0614165
0.727342 0.259461
0.147072 0.756205
0.561061 0.392429
0.535718 0.415556
-0.618612 0.342461
0.820074 0.201339
0.291791 0.649011
0.169522 0.743125
0.853958 0.182947
-0.525075 0.425445
0.230258 0.700587
0.693482 0.283607
-0.504635 0.444698
-1.17881 0.0692022
0.11681 0.771257
-0.358619 0.586741
0.310142 0.632411
0.18205 0.735166
0.402822 0.543714
0.665637 0.304632
0.757955 0.238984
0.209443 0.716243
0.0120647 0.797594
0.0284696 0.79627
-0.2436 0.690029
0.357055 0.588246
0.247785 0.68664
0.482057 0.466307
-0.369708 0.576029
-0.0577702 0.791263
-0.0697631 0.788252
1.95818 0.00625965
0.208503 0.716925
-0.931896 0.14601
-0.0630766 0.789999
0.893033 0.163524
-0.555305 0.397627
0.158937 0.749486
0.877016 0.17126
-1.84161 0.00889722
0.888751 0.165562
-0.812871 0.205441
-0.279207 0.660112
-0.277798 0.661338
0.469384 0.478563
-1.39393 0.0354556
0.325661 0.618041
0.201734 0.72177
0.159404 0.749213
0.79505 0.215882
0.315136 0.627817
1.0398 0.105855
-0.419494 0.527352
-0.885359 0.167192
-0.0751334 0.786726
-0.526608 0.424015
-0.381917 0.564161
-0.587962 0.368603
-0.935624 0.144421
0.0369168 0.795172
0.948565 0.139021
-0.0586449 0.791062
-0.00154598 0.79788
-0.687898 0.28774
-1.24189 0.0569262
-0.460607 0.487095
-0.0546915 0.791947
0.697286 0.280817
0.246048 0.688051
-0.178383 0.737543
-0.430885 0.516169
-0.201717 0.721782
0.107336 0.775325
0.514872 0.435015
-0.37604 0.569882
0.0836897 0.78407
0.248981 0.685665
0.279837 0.659562
0.227488 0.70273
-0.299803 0.64182
0.418685 0.528146
-0.670126 0.301172
2.38635 0.00179419
0.354083 0.591101
0.151144 0.753949
1.17824 0.0693251
1.26112 0.053626
-1.10877 0.085828
0.952304 0.137496
-0.37536 0.570543
1.12146 0.0825558
0.251129 0.683905
-0.15721 0.750492
-0.133341 0.763415
-0.427837 0.519161
-0.875931 0.171795
-0.871942 0.173775
-0.0399949 0.794702
0.41255 0.534169
-0.495636 0.453272
0.221331 0.707428
-1.49107 0.0261933
0.137994 0.761041
0.753513 0.241876
-0.985459 0.12461
0.161449 0.748008
0.172596 0.741215
0.059359 0.790896
-0.191494 0.728871
-0.00745523 0.797774
0.0298688 0.796108
0.199586 0.723283
-0.313173 0.629626
-1.11059 0.0853498
-0.261782 0.675048
-0.214727 0.712368
0.129064 0.765533
0.334315 0.609915
0.462764 0.484996
-0.42456 0.522377
-0.33825 0.606196
-0.520579 0.429652
0.248251 0.68626
-0.0747891 0.786827
0.357514 0.587805
0.526321 0.424283
-0.299535 0.642062
0.336853 0.607518
0.246914 0.687348
0.523756 0.426678
0.186553 0.732196
0.457937 0.489696
-0.15464 0.751971
-0.264005 0.673173
-0.552291 0.400362
-0.297715 0.643702
-0.334888 0.609375
-0.0360665 0.795295
0.35209 0.593012
-0.388542 0.557694
-0.978583 0.127189
-0.0897853 0.782012
-0.701264 0.277919
0.0591841 0.790937
0.569039 0.385281
-0.176159 0.738965
0.509776 0.439826
-0.439978 0.507252
0.0283624 0.796282
-1.10271 0.0874313
0.510593 0.439054
0.3955 0.550888
-0.732663 0.25581
0.771623 0.230255
-0.181285 0.735666
0.458951 0.488709
0.295422 0.645763
-0.212724 0.713844
0.259178 0.677233
0.0691993 0.788406
-0.426717 0.52026
0.104749 0.776381
1.03688 0.106793
-1.49033 0.0262542
-0.564176 0.38963
-1.4868 0.026544
0.464336 0.483467
0.164291 0.746311
0.299781 0.64184
-0.288199 0.652205
0.364175 0.581383
0.583141 0.372814
-0.126145 0.766943
-0.535193 0.416041
-0.384825 0.561325
-2.18011 0.00324727
-0.383695 0.562426
-0.431112 0.515947
0.207553 0.717612
0.0824631 0.784468
1.21803 0.061298
-0.27434 0.664336
0.483068 0.465333
0.591954 0.365135
-0.205093 0.71938
0.275701 0.663159
0.540725 0.410939
0.31074 0.631862
-0.0162443 0.797358
0.458635 0.489017
0.654348 0.313452
-0.347344 0.597551
-0.258679 0.677651
0.159813 0.748973
-0.422583 0.524319
-0.559131 0.394168
-1.00452 0.117707
0.818956 0.201971
-0.096336 0.779647
0.369954 0.575791
-0.011275 0.797631
0.559072 0.394221
-0.0974336 0.779235
-0.561407 0.392117
-0.295374 0.645806
-0.0729431 0.787362
0.00888035 0.797727
-0.28123 0.658343
-0.224482 0.705035
-0.1106 0.773959
0.155506 0.751475
-0.0512252 0.792673
0.650795 0.316262
0.476136 0.472023
0.415741 0.531036
1.13785 0.0785067
0.246322 0.687829
0.688871 0.287017
0.0915784 0.78138
0.0159846 0.797375
-0.537842 0.413594
0.915369 0.153246
0.0137778 0.797506
0.439906 0.507323
-0.408519 0.538125
0.329817 0.614148
0.54877 0.403568
-0.374456 0.571421
0.542847 0.408989
0.33023 0.61376
0.340294 0.604259
0.110232 0.774115
-0.302366 0.6395
0.321654 0.621778
-0.16604 0.745255
-0.261284 0.675467
0.647145 0.319167
0.32892 0.61499
0.147404 0.756023
0.0355702 0.795366
-0.56901 0.385307
0.170286 0.742653
-0.0813217 0.784833
-0.643585 0.322016
-0.218506 0.709554
-0.250734 0.68423
-0.278568 0.660668
-0.105517 0.77607
0.197713 0.724591
0.584773 0.371386
0.0871203 0.782929
-0.36621 0.579416
0.16642 0.745025
0.179344 0.736924
-0.0755377 0.786607
-0.723482 0.262134
-0.0191502 0.797153
-0.479493 0.46878
0.127756 0.766168
-0.0216446 0.796951
0.240058 0.69287
0.00244682 0.797873
-0.48071 0.467605
-0.89644 0.161919
-0.471697 0.47632
-0.268446 0.669399
0.155629 0.751404
0.092907 0.780904
0.862688 0.178444
-0.37537 0.570533
-0.342637 0.602035
-0.212309 0.714149
0.274738 0.663993
-0.789325 0.219327
-0.215978 0.71144
0.789839 0.219016
-0.16901 0.743441
0.153107 0.752843
0.732503 0.255919
-0.752313 0.242662
0.972847 0.129377
-0.097693 0.779137
-0.341766 0.602862
-0.0923779 0.781095
-0.0168139 0.797321
1.24427 0.0565067
0.560949 0.39253
0.312221 0.630502
0.580868 0.374809
0.605566 0.353451
0.225481 0.704271
-0.1847 0.733425
0.952444 0.137438
-0.591462 0.365561
0.680251 0.293467
-0.522753 0.427616
-0.619402 0.341803
-0.60212 0.356389
-0.810233 0.20696
-0.0371752 0.795134
-0.858707 0.180485
-0.16378 0.746618
0.481945 0.466414
0.675386 0.297152
0.405723 0.540869
-0.0333905 0.795665
-1.09017 0.0908463
0.555141 0.397775
-1.11884 0.0832217
-0.21309 0.713576
0.628488 0.334282
0.228285 0.702115
-0.225623 0.704162
0.0655053 0.789384
0.851006 0.184491
-0.34044 0.604121
0.128619 0.76575
2.13836 0.00366882
0.747204 0.24603
0.0486515 0.793181
-0.379301 0.56671
0.848076 0.186034
-1.14885 0.0758974
-0.270484 0.667655
-0.638779 0.325889
-0.445096 0.502241
1.16939 0.0712434
0.751955 0.242896
0.302649 0.639243
-0.530777 0.420135
0.172056 0.741552
0.359454 0.585938
0.132083 0.764044
-1.00404 0.117878
-0.131494 0.764337
0.0887168 0.782383
0.117349 0.771016
0.627935 0.334737
-0.196666 0.725319
1.09326 0.0899913
-0.913148 0.154241
-0.959963 0.134417
-0.438833 0.508375
-0.848426 0.185849
0.47678 0.471401
0.00692923 0.797789
0.12697 0.766547
1.97962 0.00587051
0.026015 0.796536
-0.322234 0.621238
-0.300173 0.641485
-0.0376909 0.795057
-0.0506147 0.792796
-0.21592 0.711483
0.657175 0.311228
0.215214 0.712006
0.0923382 0.781109
0.0861072 0.78327
-0.0379829 0.795013
-0.237589 0.694834
0.673863 0.298313
-1.12202 0.0824154
0.604816 0.354089
-0.180356 0.736269
-0.482352 0.466023
-0.538119 0.413339
0.166764 0.744815
-0.181973 0.735217
-0.116808 0.771258
-0.835705 0.192671
-0.397105 0.549317
-0.213214 0.713484
-0.474598 0.473511
0.27083 0.667358
0.049662 0.792985
-1.02478 0.11076
-0.16138 0.748048
0.421933 0.524957
-0.66119 0.308086
0.773425 0.229124
1.39429 0.0354164
-0.0556786 0.791732
-0.405186 0.541395
0.182633 0.734785
0.430404 0.516641
0.0935613 0.780668
0.217174 0.710549
-0.0423562 0.794316
0.552419 0.400246
1.01407 0.114384
0.00587081 0.797816
0.519749 0.43043
0.224074 0.705345
-0.287308 0.652993
-0.102382 0.777325
-0.54426 0.407692
-0.227739 0.702536
0.454236 0.493307
-1.48125 0.0270072
-0.363332 0.582197
1.07092 0.0963279
-0.48081 0.467509
-0.743856 0.248256
0.427853 0.519145
-0.916314 0.152824
0.24273 0.69073
-0.526036 0.424548
0.0771886 0.786113
0.0554976 0.791771
1.0988 0.0884845
1.04588 0.103926
-0.658907 0.30987
0.018431 0.797207
1.05321 0.101647
-0.255625 0.680194
0.139034 0.7605
-0.468643 0.479283
-0.0706219 0.788016
-0.120696 0.769498
-0.270808 0.667377
-0.111236 0.773689
-0.374381 0.571494
-0.484939 0.463532
0.346055 0.59878
0.156727 0.750771
0.232327 0.698975
-0.298063 0.643389
-0.648008 0.318479
-0.940228 0.142478
-0.174137 0.740246
-1.06715 0.0974387
0.130506 0.764826
0.946467 0.139884
-0.0136282 0.797514
1.70609 0.0134604
0.459857 0.487826
0.452878 0.494633
-0.857999 0.180851
0.101126 0.777818
0.923072 0.149835
0.891493 0.164255
-0.356502 0.588778
-0.270025 0.668049
1.10545 0.0867031
-0.0715187 0.787766
-0.105019 0.776271